# Game Level Exporter v1.0
MESH
Barrel
<Matrix 4x4 ( 6.2063,  0.0000,  0.0000, 0.0000)
            ( 0.0000,  6.2063, -0.0000, 0.0000)
            ( 0.0000,  0.0000,  6.2063, 0.0000)
            (67.6421, 14.4267, -1.2713, 1.0000)>
MESH
Barrel.001
<Matrix 4x4 ( 6.2063,  0.0000,  0.0000, 0.0000)
            ( 0.0000,  6.2063, -0.0000, 0.0000)
            ( 0.0000,  0.0000,  6.2063, 0.0000)
            (72.1482, 14.4267,  2.3336, 1.0000)>
MESH
Barrel.002
<Matrix 4x4 ( 6.2063,  0.0000,  0.0000, 0.0000)
            ( 0.0000,  6.2063, -0.0000, 0.0000)
            ( 0.0000,  0.0000,  6.2063, 0.0000)
            (72.4487, 14.4267, 27.2678, 1.0000)>
MESH
Barrel.003
<Matrix 4x4 ( 6.2063,  0.0000,  0.0000, 0.0000)
            ( 0.0000,  6.2063, -0.0000, 0.0000)
            ( 0.0000,  0.0000,  6.2063, 0.0000)
            (33.3951, 14.4267, -1.2713, 1.0000)>
MESH
Barrel.004
<Matrix 4x4 ( 6.2063,  0.0000,  0.0000, 0.0000)
            ( 0.0000,  6.2063, -0.0000, 0.0000)
            ( 0.0000,  0.0000,  6.2063, 0.0000)
            (67.6421, 14.4267, 33.5764, 1.0000)>
MESH
Barrel.005
<Matrix 4x4 ( 6.1792,  0.0000,  0.0000, 0.0000)
            ( 0.0000,  6.1792, -0.0000, 0.0000)
            ( 0.0000,  0.0000,  6.1792, 0.0000)
            (33.6955, 14.4267, 33.5764, 1.0000)>
MESH
Chalice
<Matrix 4x4 ( 4.3552,  0.0000,  0.0000, 0.0000)
            ( 0.0000,  4.3552, -0.0000, 0.0000)
            ( 0.0000,  0.0000,  4.3552, 0.0000)
            (60.1318, 20.7354, -0.9709, 1.0000)>
MESH
Coin
<Matrix 4x4 ( 1.9595,  0.0000,  0.0000, 0.0000)
            ( 0.0000, -0.0000, -1.9595, 0.0000)
            ( 0.0000,  1.9595, -0.0000, 0.0000)
            (55.0248, 20.7354,  0.2307, 1.0000)>
MESH
Coin.001
<Matrix 4x4 ( 1.9595,  0.0000,  0.0000, 0.0000)
            ( 0.0000, -0.0000, -1.9595, 0.0000)
            ( 0.0000,  1.9595, -0.0000, 0.0000)
            (55.0248, 20.7354, -2.7734, 1.0000)>
MESH
Coin.002
<Matrix 4x4 ( 1.9595,  0.0000,  0.0000, 0.0000)
            ( 0.0000, -0.0000, -1.9595, 0.0000)
            ( 0.0000,  1.9595, -0.0000, 0.0000)
            (52.0207, 20.7354, -1.2713, 1.0000)>
MESH
Coin.003
<Matrix 4x4 ( 1.9595,  0.0000,  0.0000, 0.0000)
            ( 0.0000, -0.0000, -1.9595, 0.0000)
            ( 0.0000,  1.9595, -0.0000, 0.0000)
            (53.2223, 20.7354, -2.7734, 1.0000)>
MESH
Coin.004
<Matrix 4x4 ( 1.9595,  0.0000,  0.0000, 0.0000)
            ( 0.0000, -0.0000, -1.9595, 0.0000)
            ( 0.0000,  1.9595, -0.0000, 0.0000)
            (52.9219, 20.7354,  0.2307, 1.0000)>
MESH
Coin.005
<Matrix 4x4 ( 1.9595,  0.0000,  0.0000, 0.0000)
            ( 0.0000, -0.0000, -1.9595, 0.0000)
            ( 0.0000,  1.9595, -0.0000, 0.0000)
            (54.1235, 20.7354, -1.2713, 1.0000)>
MESH
Coin.006
<Matrix 4x4 ( 1.9595,  0.0000,  0.0000, 0.0000)
            ( 0.0000, -0.0000, -1.9595, 0.0000)
            ( 0.0000,  1.9595, -0.0000, 0.0000)
            (50.5186, 20.7354, -1.2713, 1.0000)>
MESH
Coin.007
<Matrix 4x4 ( 1.9595,  0.0000,  0.0000, 0.0000)
            ( 0.0000, -0.0000, -1.9595, 0.0000)
            ( 0.0000,  1.9595, -0.0000, 0.0000)
            (48.4157, 20.7354, -1.2713, 1.0000)>
MESH
Coin.008
<Matrix 4x4 ( 1.9595,  0.0000,  0.0000, 0.0000)
            ( 0.0000, -0.0000, -1.9595, 0.0000)
            ( 0.0000,  1.9595, -0.0000, 0.0000)
            (47.5145, 20.7354,  0.2307, 1.0000)>
MESH
Coin.009
<Matrix 4x4 ( 1.9595,  0.0000,  0.0000, 0.0000)
            ( 0.0000, -0.0000, -1.9595, 0.0000)
            ( 0.0000,  1.9595, -0.0000, 0.0000)
            (47.8149, 20.7354, -2.7734, 1.0000)>
MESH
Coin.010
<Matrix 4x4 ( 1.9595,  0.0000,  0.0000, 0.0000)
            ( 0.0000, -0.0000, -1.9595, 0.0000)
            ( 0.0000,  1.9595, -0.0000, 0.0000)
            (46.6133, 20.7354, -1.2713, 1.0000)>
MESH
Coin.011
<Matrix 4x4 ( 1.9595,  0.0000,  0.0000, 0.0000)
            ( 0.0000, -0.0000, -1.9595, 0.0000)
            ( 0.0000,  1.9595, -0.0000, 0.0000)
            (49.3170, 20.7354, -2.7734, 1.0000)>
MESH
Coin.012
<Matrix 4x4 ( 1.9595,  0.0000,  0.0000, 0.0000)
            ( 0.0000, -0.0000, -1.9595, 0.0000)
            ( 0.0000,  1.9595, -0.0000, 0.0000)
            (49.6174, 20.7354,  0.2307, 1.0000)>
MESH
Coin.013
<Matrix 4x4 ( 1.9595,  0.0000,  0.0000, 0.0000)
            ( 0.0000, -0.0000, -1.9595, 0.0000)
            ( 0.0000,  1.9595, -0.0000, 0.0000)
            (55.9260, 20.7354, -1.2713, 1.0000)>
MESH
Crate
<Matrix 4x4 (-0.0000,  0.0000, 22.8486, 0.0000)
            ( 0.0000,  7.9203,  0.0000, 0.0000)
            (-7.7235,  0.0000, -0.0000, 0.0000)
            (72.7491, 14.7271, 14.6505, 1.0000)>
MESH
Crate.001
<Matrix 4x4 (34.1887,  0.0000,  0.0000, 0.0000)
            ( 0.0000,  7.9203, -0.0000, 0.0000)
            ( 0.0000,  0.0000,  7.7248, 0.0000)
            (50.8105, 14.2345, -1.1558, 1.0000)>
MESH
Crate.002
<Matrix 4x4 (34.1887,  0.0000,  0.0000, 0.0000)
            ( 0.0000,  7.9203, -0.0000, 0.0000)
            ( 0.0000,  0.0000,  7.7248, 0.0000)
            (50.8105, 14.2345, 34.0081, 1.0000)>
MESH
Crown2
<Matrix 4x4 ( 5.9339,  0.0000,  0.0000, 0.0000)
            ( 0.0000,  5.9339, -0.0000, 0.0000)
            ( 0.0000,  0.0000,  5.9339, 0.0000)
            (41.8067, 21.3362, -1.2713, 1.0000)>
MESH
Crystal1
<Matrix 4x4 (-3.3962,  0.0000,  0.0000, 0.0000)
            ( 0.0000,  0.0000,  3.3962, 0.0000)
            ( 0.0000,  3.3962,  0.0000, 0.0000)
            (40.9054, 21.0358, 34.1772, 1.0000)>
MESH
Crystal1.001
<Matrix 4x4 (-3.3962,  0.0000,  0.0000, 0.0000)
            ( 0.0000,  0.0000,  3.3962, 0.0000)
            ( 0.0000,  3.3962,  0.0000, 0.0000)
            (42.7079, 21.0358, 34.1772, 1.0000)>
MESH
Crystal2
<Matrix 4x4 (-3.3962,  0.0000, -0.0000, 0.0000)
            ( 0.0000,  0.0000, -3.3962, 0.0000)
            ( 0.0000, -3.3962,  0.0000, 0.0000)
            (46.0124, 21.0358, 34.1772, 1.0000)>
MESH
Crystal2.001
<Matrix 4x4 (-3.3962,  0.0000, -0.0000, 0.0000)
            ( 0.0000,  0.0000, -3.3962, 0.0000)
            ( 0.0000, -3.3962,  0.0000, 0.0000)
            (47.2141, 21.0358, 34.1772, 1.0000)>
MESH
Crystal3
<Matrix 4x4 ( 3.3962,  0.0000,  0.0000, 0.0000)
            ( 0.0000,  0.0000,  3.3962, 0.0000)
            ( 0.0000, -3.3962,  0.0000, 0.0000)
            (50.2182, 21.0358, 34.1772, 1.0000)>
MESH
Crystal3.001
<Matrix 4x4 ( 3.3962,  0.0000,  0.0000, 0.0000)
            ( 0.0000,  0.0000,  3.3962, 0.0000)
            ( 0.0000, -3.3962,  0.0000, 0.0000)
            (51.4198, 21.0358, 34.1772, 1.0000)>
MESH
Crystal4
<Matrix 4x4 ( 3.3962,  0.0000,  0.0000, 0.0000)
            ( 0.0000,  3.3962, -0.0000, 0.0000)
            ( 0.0000,  0.0000,  3.3962, 0.0000)
            (54.4240, 21.6366, 34.1772, 1.0000)>
MESH
Crystal4.001
<Matrix 4x4 ( 3.3962,  0.0000,  0.0000, 0.0000)
            ( 0.0000,  3.3962, -0.0000, 0.0000)
            ( 0.0000,  0.0000,  3.3962, 0.0000)
            (56.2264, 21.6366, 34.1772, 1.0000)>
MESH
Crystal5
<Matrix 4x4 ( 3.3962,  0.0000,  0.0000, 0.0000)
            ( 0.0000,  3.3962, -0.0000, 0.0000)
            ( 0.0000,  0.0000,  3.3962, 0.0000)
            (58.6297, 21.3362, 33.8768, 1.0000)>
MESH
Crystal5.001
<Matrix 4x4 ( 3.3962,  0.0000,  0.0000, 0.0000)
            ( 0.0000,  3.3962, -0.0000, 0.0000)
            ( 0.0000,  0.0000,  3.3962, 0.0000)
            (61.0330, 21.3362, 33.8768, 1.0000)>
MESH
Floor_SquareLarge
<Matrix 4x4 (14.5312,  0.0000,  0.0000, 0.0000)
            ( 0.0000,  0.1296, -0.0000, 0.0000)
            ( 0.0000,  0.0000, 12.4928, 0.0000)
            (36.3993, 14.1263,  3.8357, 1.0000)>
MESH
Floor_SquareLarge.001
<Matrix 4x4 (14.5312,  0.0000,  0.0000, 0.0000)
            ( 0.0000,  0.1296, -0.0000, 0.0000)
            ( 0.0000,  0.0000, 12.4928, 0.0000)
            (64.6379, 14.1263, 28.4694, 1.0000)>
MESH
Floor_SquareLarge.002
<Matrix 4x4 (14.5312,  0.0000,  0.0000, 0.0000)
            ( 0.0000,  0.1296, -0.0000, 0.0000)
            ( 0.0000,  0.0000, 12.4928, 0.0000)
            (36.3993, 14.1263, 28.4694, 1.0000)>
MESH
Floor_SquareLarge.003
<Matrix 4x4 (14.5312,  0.0000,  0.0000, 0.0000)
            ( 0.0000,  0.1296, -0.0000, 0.0000)
            ( 0.0000,  0.0000, 12.4928, 0.0000)
            (64.6379, 14.1263,  3.8357, 1.0000)>
MESH
Floor_SquareLarge.004
<Matrix 4x4 (14.5312,  0.0000,  0.0000, 0.0000)
            ( 0.0000,  0.1296, -0.0000, 0.0000)
            ( 0.0000,  0.0000, 12.4928, 0.0000)
            (64.6379, 14.1263,  3.8357, 1.0000)>
MESH
Floor_SquareLarge.005
<Matrix 4x4 (28.0687,  0.0000,  0.0000, 0.0000)
            ( 0.0000,  0.2504, -0.0000, 0.0000)
            ( 0.0000,  0.0000, 24.1314, 0.0000)
            (49.9178, 43.8671, 17.0538, 1.0000)>
MESH
Gold_Ingots
<Matrix 4x4 (-0.0000,  0.0000, -4.9257, 0.0000)
            (-0.0000,  4.9257,  0.0000, 0.0000)
            ( 4.9257,  0.0000, -0.0000, 0.0000)
            (73.0495, 21.0358, 14.9509, 1.0000)>
MESH
Rail_Straight
<Matrix 4x4 ( -0.0000,  0.0000,  3.6028, 0.0000)
            (  0.0000, 21.2067,  0.0000, 0.0000)
            (-21.2067,  0.0000, -0.0000, 0.0000)
            ( 48.4157, 27.6448, 36.8810, 1.0000)>
MESH
Rail_Straight.001
<Matrix 4x4 ( -0.0000,  0.0000,  3.6028, 0.0000)
            (  0.0000, 21.2067,  0.0000, 0.0000)
            (-21.2067,  0.0000, -0.0000, 0.0000)
            ( 48.4157, 27.6448, -3.3742, 1.0000)>
MESH
Skull
<Matrix 4x4 (-0.0000,  0.0000, -7.7239, 0.0000)
            (-0.0000,  7.7239,  0.0000, 0.0000)
            ( 7.7239,  0.0000, -0.0000, 0.0000)
            (72.4487, 21.0358, 20.9591, 1.0000)>
MESH
Skull.001
<Matrix 4x4 (-0.0000,  0.0000, -7.7239, 0.0000)
            (-0.0000,  7.7239,  0.0000, 0.0000)
            ( 7.7239,  0.0000, -0.0000, 0.0000)
            (72.4487, 21.0358,  8.6423, 1.0000)>
MESH
Sword_Golden
<Matrix 4x4 ( 1.5643, -5.8388, 5.4787, 0.0000)
            (-0.1691,  5.5570, 5.9704, 0.0000)
            (-8.0049, -1.2583, 0.9445, 0.0000)
            (75.1524, 28.1902, 8.4733, 1.0000)>
MESH
Sword_Golden.001
<Matrix 4x4 ( 1.5660,  6.5153,  4.6532, 0.0000)
            (-0.1692,  4.7673, -6.6181, 0.0000)
            (-8.0046,  1.1739,  1.0502, 0.0000)
            (74.5515, 29.2065, 20.9591, 1.0000)>
MESH
Torch
<Matrix 4x4 ( 4.8498,  0.0000,  0.0000, 0.0000)
            ( 0.0000,  4.8498, -0.0000, 0.0000)
            ( 0.0000,  0.0000,  4.8498, 0.0000)
            (59.2305, 31.8506, 35.0785, 1.0000)>
MESH
Torch.001
<Matrix 4x4 ( 4.8498,  0.0000,  0.0000, 0.0000)
            ( 0.0000,  4.8498, -0.0000, 0.0000)
            ( 0.0000,  0.0000,  4.8498, 0.0000)
            (37.9013, 31.8506, 35.0785, 1.0000)>
MESH
Torch.002
<Matrix 4x4 (-4.8498,  0.0000, -0.0000, 0.0000)
            (-0.0000,  4.8498,  0.0000, 0.0000)
            ( 0.0000,  0.0000, -4.8498, 0.0000)
            (37.9013, 31.8506, -1.2713, 1.0000)>
MESH
Torch.003
<Matrix 4x4 (-4.8498,  0.0000, -0.0000, 0.0000)
            (-0.0000,  4.8498,  0.0000, 0.0000)
            ( 0.0000,  0.0000, -4.8498, 0.0000)
            (59.2305, 31.8506, -1.2713, 1.0000)>
MESH
Wall_ArchRound
<Matrix 4x4 (-0.0000,  0.0000, 10.6104, 0.0000)
            ( 0.0000,  7.0442,  0.0000, 0.0000)
            (-6.5105,  0.0000, -0.0000, 0.0000)
            (23.7820, 14.4267, 16.7534, 1.0000)>
MESH
Wall
<Matrix 4x4 (14.3734,  0.0000,  0.0000, 0.0000)
            ( 0.0000, 14.3734, -0.0000, 0.0000)
            ( 0.0000,  0.0000, 14.3734, 0.0000)
            (65.2388, 14.1263, 38.0826, 1.0000)>
MESH
Wall.001
<Matrix 4x4 (14.3734,  0.0000,  0.0000, 0.0000)
            ( 0.0000, 14.3734, -0.0000, 0.0000)
            ( 0.0000,  0.0000, 14.3734, 0.0000)
            (36.3993, 14.1263, -8.1808, 1.0000)>
MESH
Wall.002
<Matrix 4x4 (-0.0000,  0.0000, -10.7890, 0.0000)
            (-0.0000, 14.3734,   0.0000, 0.0000)
            (14.3734,  0.0000,  -0.0000, 0.0000)
            (76.3540, 14.1263,   6.5394, 1.0000)>
MESH
Wall.003
<Matrix 4x4 (-0.0000,  0.0000, -10.4733, 0.0000)
            (-0.0000, 14.3734,   0.0000, 0.0000)
            (14.3734,  0.0000,  -0.0000, 0.0000)
            (76.3540, 14.1263,  27.5682, 1.0000)>
MESH
Wall.004
<Matrix 4x4 (14.3734,  0.0000,  0.0000, 0.0000)
            ( 0.0000, 14.3734, -0.0000, 0.0000)
            ( 0.0000,  0.0000, 14.3734, 0.0000)
            (65.0069, 14.1263, -8.1808, 1.0000)>
MESH
Wall.005
<Matrix 4x4 (14.3734,  0.0000,  0.0000, 0.0000)
            ( 0.0000, 14.3734, -0.0000, 0.0000)
            ( 0.0000,  0.0000, 14.3734, 0.0000)
            (36.3993, 14.1263, 38.3830, 1.0000)>
CAMERA
Camera
<Matrix 4x4 (-0.0308, -0.0008, -0.2988, 0.0000)
            ( 0.0419,  0.2974, -0.0051, 0.0000)
            ( 0.2959, -0.0422, -0.0304, 0.0000)
            (-5.9905, 20.3763,  9.8439, 1.0000)>
