# Game Level Exporter v1.0
MESH
Street_Straight
<Matrix 4x4 (3.6203, 0.0000,  0.0000, 0.0000)
            (0.0000, 1.1666, -0.0000, 0.0000)
            (0.0000, 0.0000,  1.1666, 0.0000)
            (4.7297, 0.4472, -1.2560, 1.0000)>
MESH
Street_3Way_2
<Matrix 4x4 (1.1024, 0.0000,  0.0000, 0.0000)
            (0.0000, 1.1666, -0.0000, 0.0000)
            (0.0000, 0.0000,  1.1666, 0.0000)
            (9.5007, 0.4472, -1.2560, 1.0000)>
MESH
Street_Straight.001
<Matrix 4x4 (-0.0132, 0.0000, -3.6202, 0.0000)
            (-0.0000, 1.1666,  0.0000, 0.0000)
            ( 1.1666, 0.0000, -0.0043, 0.0000)
            ( 9.5133, 0.4472,  3.5532, 1.0000)>
MESH
Street_Straight.002
<Matrix 4x4 (-0.0132, 0.0000, -3.6202, 0.0000)
            (-0.0000, 1.1666,  0.0000, 0.0000)
            ( 1.1666, 0.0000, -0.0043, 0.0000)
            ( 9.4897, 0.4472, -6.0826, 1.0000)>
MESH
Street_Straight.003
<Matrix 4x4 (-0.0132, 0.0000,  -3.6202, 0.0000)
            (-0.0000, 1.1666,   0.0000, 0.0000)
            ( 1.1666, 0.0000,  -0.0043, 0.0000)
            ( 9.4897, 0.4472, -13.3579, 1.0000)>
MESH
Street_Straight.004
<Matrix 4x4 (-0.0132, 0.0000, -3.6202, 0.0000)
            (-0.0000, 1.1666,  0.0000, 0.0000)
            ( 1.1666, 0.0000, -0.0043, 0.0000)
            ( 9.5133, 0.4472, 10.8230, 1.0000)>
MESH
Street_Empty
<Matrix 4x4 (3.6331, 0.0000,  0.0000, 0.0000)
            (0.0000, 1.1666, -0.0000, 0.0000)
            (0.0000, 0.0000,  7.1836, 0.0000)
            (4.6932, 0.4472,  7.1798, 1.0000)>
MESH
Street_Empty.001
<Matrix 4x4 (-3.6331, 0.0000,  0.0000, 0.0000)
            ( 0.0000, 1.1666,  0.0000, 0.0000)
            (-0.0000, 0.0000, -7.1883, 0.0000)
            ( 4.6932, 0.4472, -9.6802, 1.0000)>
MESH
Street_Straight.005
<Matrix 4x4 (3.6203, 0.0000,  0.0000, 0.0000)
            (0.0000, 1.1666, -0.0000, 0.0000)
            (0.0000, 0.0000,  1.1666, 0.0000)
            (4.7297, 0.4472, 15.6354, 1.0000)>
MESH
Street_Straight.006
<Matrix 4x4 (3.6203, 0.0000,   0.0000, 0.0000)
            (0.0000, 1.1666,  -0.0000, 0.0000)
            (0.0000, 0.0000,   1.1666, 0.0000)
            (4.6553, 0.4472, -18.1473, 1.0000)>
MESH
Street_Straight.007
<Matrix 4x4 (-3.6203, 0.0000,  0.0005, 0.0000)
            ( 0.0000, 1.1666,  0.0000, 0.0000)
            (-0.0002, 0.0000, -1.1666, 0.0000)
            (-2.5489, 0.4472, 15.6249, 1.0000)>
MESH
Street_Straight.008
<Matrix 4x4 (-3.6203, 0.0000,   0.0005, 0.0000)
            ( 0.0000, 1.1666,   0.0000, 0.0000)
            (-0.0002, 0.0000,  -1.1666, 0.0000)
            (-2.6284, 0.4472, -18.1577, 1.0000)>
MESH
Street_Straight.009
<Matrix 4x4 ( 0.0137, 0.0000,   3.6202, 0.0000)
            ( 0.0000, 1.1666,  -0.0000, 0.0000)
            (-1.1666, 0.0000,   0.0044, 0.0000)
            (-7.4112, 0.4472, -13.3447, 1.0000)>
MESH
Street_Straight.010
<Matrix 4x4 ( 0.0137, 0.0000,  3.6202, 0.0000)
            ( 0.0000, 1.1666, -0.0000, 0.0000)
            (-1.1666, 0.0000,  0.0044, 0.0000)
            (-7.3840, 0.4472, 10.8362, 1.0000)>
MESH
Street_Straight.011
<Matrix 4x4 ( 0.0137, 0.0000,  3.6202, 0.0000)
            ( 0.0000, 1.1666, -0.0000, 0.0000)
            (-1.1666, 0.0000,  0.0044, 0.0000)
            (-7.3851, 0.4472,  3.5609, 1.0000)>
MESH
Street_Straight.012
<Matrix 4x4 ( 0.0137, 0.0000,  3.6202, 0.0000)
            ( 0.0000, 1.1666, -0.0000, 0.0000)
            (-1.1666, 0.0000,  0.0044, 0.0000)
            (-7.4101, 0.4472, -6.0749, 1.0000)>
MESH
Street_Straight.013
<Matrix 4x4 (-3.6576, 0.0000,  0.0006, 0.0000)
            ( 0.0000, 1.1666,  0.0000, 0.0000)
            (-0.0002, 0.0000, -1.1666, 0.0000)
            (-2.5983, 0.4472, -1.2664, 1.0000)>
MESH
Street_Empty.002
<Matrix 4x4 (-3.6331, 0.0000,  0.0005, 0.0000)
            ( 0.0000, 1.1666,  0.0000, 0.0000)
            (-0.0011, 0.0000, -7.1883, 0.0000)
            (-2.5881, 0.4472,  7.1579, 1.0000)>
MESH
Street_Empty.003
<Matrix 4x4 (-3.6331, 0.0000,  0.0005, 0.0000)
            ( 0.0000, 1.1666,  0.0000, 0.0000)
            (-0.0011, 0.0000, -7.1836, 0.0000)
            (-2.5907, 0.4472, -9.7022, 1.0000)>
MESH
Street_3Way_2.001
<Matrix 4x4 (-1.1024, 0.0000,  0.0002, 0.0000)
            ( 0.0000, 1.1666,  0.0000, 0.0000)
            (-0.0002, 0.0000, -1.1666, 0.0000)
            (-7.4035, 0.4472, -1.2657, 1.0000)>
MESH
Cop.001
<Matrix 4x4 (-0.0000, 0.0000, -0.1841, 0.0000)
            (-0.0000, 0.1841,  0.0000, 0.0000)
            ( 0.1841, 0.0000, -0.0000, 0.0000)
            ( 1.5180, 0.5691, -1.4754, 1.0000)>
MESH
Cop.002
<Matrix 4x4 ( 0.0000, 0.0000,  -0.1841, 0.0000)
            (-0.0000, 0.1841,  -0.0000, 0.0000)
            ( 0.1841, 0.0000,   0.0000, 0.0000)
            ( 1.5180, 0.5691, -17.9375, 1.0000)>
MESH
SportsCar2
<Matrix 4x4 (0.1841, 0.0000,  0.0000, 0.0000)
            (0.0000, 0.1841, -0.0000, 0.0000)
            (0.0000, 0.0000,  0.1841, 0.0000)
            (9.2918, 0.5615, -5.0936, 1.0000)>
MESH
SportsCar2.001
<Matrix 4x4 (-0.1841, 0.0000, -0.0000, 0.0000)
            (-0.0000, 0.1841,  0.0000, 0.0000)
            ( 0.0000, 0.0000, -0.1841, 0.0000)
            (-7.1721, 0.5615,  8.6157, 1.0000)>
MESH
SportsCar
<Matrix 4x4 ( 0.0000, 0.0000, -0.1841, 0.0000)
            (-0.0000, 0.1841, -0.0000, 0.0000)
            ( 0.1841, 0.0000,  0.0000, 0.0000)
            ( 0.6286, 0.5691, -1.4784, 1.0000)>
MESH
Taxi
<Matrix 4x4 (0.1755, -0.0557,  0.0000, 0.0000)
            (0.0557,  0.1755, -0.0000, 0.0000)
            (0.0000,  0.0000,  0.1841, 0.0000)
            (9.1077,  0.6042,  2.5674, 1.0000)>
MESH
SportsCar.001
<Matrix 4x4 (0.1841, 0.0000,  0.0000, 0.0000)
            (0.0000, 0.1841, -0.0000, 0.0000)
            (0.0000, 0.0000,  0.1841, 0.0000)
            (9.3012, 0.5691,  3.8024, 1.0000)>
MESH
SportsCar2.002
<Matrix 4x4 (0.1841, 0.0000,  0.0000, 0.0000)
            (0.0000, 0.1841, -0.0000, 0.0000)
            (0.0000, 0.0000,  0.1841, 0.0000)
            (9.3065, 0.5615,  4.6156, 1.0000)>
MESH
SUV
<Matrix 4x4 (0.1600, 0.0000,  0.0000, 0.0000)
            (0.0000, 0.1600, -0.0000, 0.0000)
            (0.0000, 0.0000,  0.1600, 0.0000)
            (9.3108, 0.5663,  5.3321, 1.0000)>
MESH
Cop.003
<Matrix 4x4 (-0.0000, 0.0000, -0.1841, 0.0000)
            (-0.0000, 0.1841,  0.0000, 0.0000)
            ( 0.1841, 0.0000, -0.0000, 0.0000)
            ( 2.2875, 0.5691, -1.4754, 1.0000)>
MESH
Cop.004
<Matrix 4x4 ( 0.1841, 0.0000,  0.0000, 0.0000)
            ( 0.0000, 0.1841, -0.0000, 0.0000)
            ( 0.0000, 0.0000,  0.1841, 0.0000)
            (-6.5188, 0.5691, -1.2745, 1.0000)>
MESH
Streetlight_Double.030
<Matrix 4x4 (0.9141, 0.0000,  0.0000, 0.0000)
            (0.0000, 0.9141, -0.0000, 0.0000)
            (0.0000, 0.0000,  0.9141, 0.0000)
            (8.7872, 0.6229, -0.6607, 1.0000)>
MESH
Streetlight_Double.001
<Matrix 4x4 (0.9141, 0.0000,  0.0000, 0.0000)
            (0.0000, 0.9141, -0.0000, 0.0000)
            (0.0000, 0.0000,  0.9141, 0.0000)
            (8.7872, 0.6229, -1.9420, 1.0000)>
MESH
Streetlight_Double.002
<Matrix 4x4 ( 0.9141, 0.0000,  0.0000, 0.0000)
            ( 0.0000, 0.9141, -0.0000, 0.0000)
            ( 0.0000, 0.0000,  0.9141, 0.0000)
            (-6.8475, 0.6229, -1.9420, 1.0000)>
MESH
Streetlight_Double.003
<Matrix 4x4 ( 0.9141, 0.0000,  0.0000, 0.0000)
            ( 0.0000, 0.9141, -0.0000, 0.0000)
            ( 0.0000, 0.0000,  0.9141, 0.0000)
            (-6.8475, 0.6229, -0.4496, 1.0000)>
MESH
Streetlight_Double.004
<Matrix 4x4 ( 0.9141, 0.0000,  0.0000, 0.0000)
            ( 0.0000, 0.9141, -0.0000, 0.0000)
            ( 0.0000, 0.0000,  0.9141, 0.0000)
            (-6.5673, 0.6259, 14.8925, 1.0000)>
MESH
Streetlight_Double.005
<Matrix 4x4 (0.9141, 0.0000,  0.0000, 0.0000)
            (0.0000, 0.9141, -0.0000, 0.0000)
            (0.0000, 0.0000,  0.9141, 0.0000)
            (8.6909, 0.6259, 14.8397, 1.0000)>
MESH
Streetlight_Double.006
<Matrix 4x4 (0.9141, 0.0000,   0.0000, 0.0000)
            (0.0000, 0.9141,  -0.0000, 0.0000)
            (0.0000, 0.0000,   0.9141, 0.0000)
            (8.6909, 0.6259, -17.3689, 1.0000)>
MESH
Streetlight_Double.007
<Matrix 4x4 ( 0.9141, 0.0000,   0.0000, 0.0000)
            ( 0.0000, 0.9141,  -0.0000, 0.0000)
            ( 0.0000, 0.0000,   0.9141, 0.0000)
            (-6.5773, 0.6259, -17.3689, 1.0000)>
MESH
6Story_Stack_Mat.001
<Matrix 4x4 ( 0.0000, 0.0000, -0.4570, 0.0000)
            (-0.0000, 0.4570, -0.0000, 0.0000)
            ( 0.4570, 0.0000,  0.0000, 0.0000)
            (-5.7945, 0.6288, -2.9632, 1.0000)>
MESH
6Story_Stack_Mat.002
<Matrix 4x4 ( 0.0000, 0.0000, -0.4570, 0.0000)
            (-0.0000, 0.4570, -0.0000, 0.0000)
            ( 0.4570, 0.0000,  0.0000, 0.0000)
            (-5.7945, 0.6288, -3.9903, 1.0000)>
MESH
6Story_Stack_Mat.003
<Matrix 4x4 ( 0.0000, 0.0000, -0.4570, 0.0000)
            (-0.0000, 0.4570, -0.0000, 0.0000)
            ( 0.4570, 0.0000,  0.0000, 0.0000)
            (-5.7945, 0.6288, -5.0039, 1.0000)>
MESH
4Story_Wide_2Doors_Roof_Mat.001
<Matrix 4x4 ( 0.0000, 0.0000, -0.4570, 0.0000)
            (-0.0000, 0.4570, -0.0000, 0.0000)
            ( 0.4570, 0.0000,  0.0000, 0.0000)
            (-5.7945, 0.6326,  7.2338, 1.0000)>
MESH
4Story_Mat.001
<Matrix 4x4 ( 0.0000, 0.0000, -0.4570, 0.0000)
            (-0.0000, 0.4570, -0.0000, 0.0000)
            ( 0.4570, 0.0000,  0.0000, 0.0000)
            (-5.7945, 0.6224,  0.8932, 1.0000)>
MESH
4Story_Mat.002
<Matrix 4x4 ( 0.0000, 0.0000, -0.4570, 0.0000)
            (-0.0000, 0.4570, -0.0000, 0.0000)
            ( 0.4570, 0.0000,  0.0000, 0.0000)
            (-5.7945, 0.6224,  3.4889, 1.0000)>
MESH
4Story_Mat.003
<Matrix 4x4 ( 0.0000, 0.0000,  -0.4570, 0.0000)
            (-0.0000, 0.4570,  -0.0000, 0.0000)
            ( 0.4570, 0.0000,   0.0000, 0.0000)
            (-5.7945, 0.6224, -15.1435, 1.0000)>
MESH
3Story_Balcony_Mat.001
<Matrix 4x4 ( 0.0000, 0.0000, -0.4570, 0.0000)
            (-0.0000, 0.4570, -0.0000, 0.0000)
            ( 0.4570, 0.0000,  0.0000, 0.0000)
            (-5.7945, 0.6171, -7.4656, 1.0000)>
MESH
3Story_Balcony_Mat.002
<Matrix 4x4 ( 0.0000, 0.0000, -0.4570, 0.0000)
            (-0.0000, 0.4570, -0.0000, 0.0000)
            ( 0.4570, 0.0000,  0.0000, 0.0000)
            (-5.7945, 0.6171, -6.4187, 1.0000)>
MESH
3Story_Balcony_Mat.003
<Matrix 4x4 ( 0.0000, 0.0000, -0.4570, 0.0000)
            (-0.0000, 0.4570, -0.0000, 0.0000)
            ( 0.4570, 0.0000,  0.0000, 0.0000)
            (-5.7945, 0.6171,  2.1067, 1.0000)>
MESH
1Story_Sign_Mat.001
<Matrix 4x4 (-0.0000, 0.0000,  0.4570, 0.0000)
            ( 0.0000, 0.4570,  0.0000, 0.0000)
            (-0.4570, 0.0000, -0.0000, 0.0000)
            ( 8.1449, 0.6246, -2.9319, 1.0000)>
MESH
1Story_Sign_Mat.002
<Matrix 4x4 (-0.0000, 0.0000,  0.4570, 0.0000)
            ( 0.0000, 0.4570,  0.0000, 0.0000)
            (-0.4570, 0.0000, -0.0000, 0.0000)
            ( 8.1449, 0.6246, -3.9620, 1.0000)>
MESH
1Story_Sign_Mat.003
<Matrix 4x4 (-0.0000, 0.0000,  0.4570, 0.0000)
            ( 0.0000, 0.4570,  0.0000, 0.0000)
            (-0.4570, 0.0000, -0.0000, 0.0000)
            ( 8.1449, 0.6246, -6.0283, 1.0000)>
MESH
1Story_Sign_Mat.004
<Matrix 4x4 (-0.0000, 0.0000,  0.4570, 0.0000)
            ( 0.0000, 0.4570,  0.0000, 0.0000)
            (-0.4570, 0.0000, -0.0000, 0.0000)
            ( 8.1449, 0.6246, -4.9982, 1.0000)>
MESH
1Story_Sign_Mat.005
<Matrix 4x4 (-0.0000, 0.0000,  0.4570, 0.0000)
            ( 0.0000, 0.4570,  0.0000, 0.0000)
            (-0.4570, 0.0000, -0.0000, 0.0000)
            ( 8.1449, 0.6246, -9.1181, 1.0000)>
MESH
1Story_Sign_Mat.006
<Matrix 4x4 (-0.0000, 0.0000,   0.4570, 0.0000)
            ( 0.0000, 0.4570,   0.0000, 0.0000)
            (-0.4570, 0.0000,  -0.0000, 0.0000)
            ( 8.1449, 0.6246, -10.1481, 1.0000)>
MESH
1Story_Sign_Mat.007
<Matrix 4x4 (-0.0000, 0.0000,  0.4570, 0.0000)
            ( 0.0000, 0.4570,  0.0000, 0.0000)
            (-0.4570, 0.0000, -0.0000, 0.0000)
            ( 8.1449, 0.6246, -8.0818, 1.0000)>
MESH
1Story_Sign_Mat.008
<Matrix 4x4 (-0.0000, 0.0000,  0.4570, 0.0000)
            ( 0.0000, 0.4570,  0.0000, 0.0000)
            (-0.4570, 0.0000, -0.0000, 0.0000)
            ( 8.1449, 0.6246, -7.0518, 1.0000)>
MESH
1Story_Sign_Mat.009
<Matrix 4x4 (-0.0000, 0.0000,   0.4570, 0.0000)
            ( 0.0000, 0.4570,   0.0000, 0.0000)
            (-0.4570, 0.0000,  -0.0000, 0.0000)
            ( 8.1449, 0.6246, -15.3002, 1.0000)>
MESH
1Story_Sign_Mat.010
<Matrix 4x4 (-0.0000, 0.0000,   0.4570, 0.0000)
            ( 0.0000, 0.4570,   0.0000, 0.0000)
            (-0.4570, 0.0000,  -0.0000, 0.0000)
            ( 8.1449, 0.6246, -16.3302, 1.0000)>
MESH
1Story_Sign_Mat.013
<Matrix 4x4 (-0.0000, 0.0000,   0.4570, 0.0000)
            ( 0.0000, 0.4570,   0.0000, 0.0000)
            (-0.4570, 0.0000,  -0.0000, 0.0000)
            ( 8.1449, 0.6246, -13.2467, 1.0000)>
MESH
1Story_Sign_Mat.014
<Matrix 4x4 (-0.0000, 0.0000,   0.4570, 0.0000)
            ( 0.0000, 0.4570,   0.0000, 0.0000)
            (-0.4570, 0.0000,  -0.0000, 0.0000)
            ( 8.1449, 0.6246, -14.2767, 1.0000)>
MESH
1Story_Sign_Mat.015
<Matrix 4x4 (-0.0000, 0.0000,   0.4570, 0.0000)
            ( 0.0000, 0.4570,   0.0000, 0.0000)
            (-0.4570, 0.0000,  -0.0000, 0.0000)
            ( 8.1449, 0.6246, -12.2104, 1.0000)>
MESH
1Story_Sign_Mat.016
<Matrix 4x4 (-0.0000, 0.0000,   0.4570, 0.0000)
            ( 0.0000, 0.4570,   0.0000, 0.0000)
            (-0.4570, 0.0000,  -0.0000, 0.0000)
            ( 8.1449, 0.6246, -11.1804, 1.0000)>
MESH
2Story_2_Mat.001
<Matrix 4x4 ( 0.0000, 0.0000, -0.4570, 0.0000)
            (-0.0000, 0.4570, -0.0000, 0.0000)
            ( 0.4570, 0.0000,  0.0000, 0.0000)
            (-5.7945, 0.7021,  4.8131, 1.0000)>
MESH
2Story_Columns_Mat.001
<Matrix 4x4 ( 0.0000, 0.0000, -0.4570, 0.0000)
            (-0.0000, 0.4570, -0.0000, 0.0000)
            ( 0.4570, 0.0000,  0.0000, 0.0000)
            (-5.7945, 0.6297,  9.6597, 1.0000)>
MESH
4Story_Mat.004
<Matrix 4x4 ( 0.0000, 0.0000, -0.4570, 0.0000)
            (-0.0000, 0.4570, -0.0000, 0.0000)
            ( 0.4570, 0.0000,  0.0000, 0.0000)
            (-5.7945, 0.6224, 11.1019, 1.0000)>
MESH
6Story_Stack_Mat.004
<Matrix 4x4 ( 0.0000, 0.0000, -0.4570, 0.0000)
            (-0.0000, 0.4570, -0.0000, 0.0000)
            ( 0.4570, 0.0000,  0.0000, 0.0000)
            (-5.7945, 0.6288, 12.4157, 1.0000)>
MESH
2Story_Columns_Mat.002
<Matrix 4x4 ( 0.0000, 0.0000, -0.4570, 0.0000)
            (-0.0000, 0.4570, -0.0000, 0.0000)
            ( 0.4570, 0.0000,  0.0000, 0.0000)
            (-5.7945, 0.6297, 13.6823, 1.0000)>
MESH
Building1_Large
<Matrix 4x4 ( 0.0000, 0.0000,  -0.4570, 0.0000)
            (-0.0000, 0.4570,  -0.0000, 0.0000)
            ( 0.4570, 0.0000,   0.0000, 0.0000)
            (-5.6692, 0.6215, -11.7362, 1.0000)>
MESH
Building3_Small
<Matrix 4x4 ( 0.0000, 0.0000, -0.2285, 0.0000)
            (-0.0000, 0.2285, -0.0000, 0.0000)
            ( 0.2285, 0.0000,  0.0000, 0.0000)
            (-5.7564, 0.6267, -8.9619, 1.0000)>
MESH
Building3_Big
<Matrix 4x4 (-0.4570, 0.0000, -0.0000, 0.0000)
            (-0.0000, 0.4570,  0.0000, 0.0000)
            ( 0.0000, 0.0000, -0.4570, 0.0000)
            ( 1.0601, 0.6345, 13.3659, 1.0000)>
MESH
6Story_Stack_Mat.005
<Matrix 4x4 (-0.4570, 0.0000, -0.0000, 0.0000)
            (-0.0000, 0.4570,  0.0000, 0.0000)
            ( 0.0000, 0.0000, -0.4570, 0.0000)
            ( 7.2871, 0.6288, 13.7057, 1.0000)>
MESH
6Story_Stack_Mat.006
<Matrix 4x4 (-0.4570, 0.0000, -0.0000, 0.0000)
            (-0.0000, 0.4570,  0.0000, 0.0000)
            ( 0.0000, 0.0000, -0.4570, 0.0000)
            (-4.5859, 0.6288, 13.7057, 1.0000)>
MESH
Building2_Large
<Matrix 4x4 ( 0.4570, 0.0000,  0.0000, 0.0000)
            ( 0.0000, 0.4570, -0.0000, 0.0000)
            ( 0.0000, 0.0000,  0.4570, 0.0000)
            (-2.1216, 0.6445, 13.8419, 1.0000)>
MESH
4Story_Wide_2Doors_Roof_Mat.002
<Matrix 4x4 (-0.4570, 0.0000, -0.0000, 0.0000)
            (-0.0000, 0.4570,  0.0000, 0.0000)
            ( 0.0000, 0.0000, -0.4570, 0.0000)
            ( 4.3701, 0.6326, 13.6407, 1.0000)>
MESH
2Story_Columns_Mat.003
<Matrix 4x4 (-0.0000, 0.0000,  0.4570, 0.0000)
            ( 0.0000, 0.4570,  0.0000, 0.0000)
            (-0.4570, 0.0000, -0.0000, 0.0000)
            ( 8.1449, 0.6021,  2.5862, 1.0000)>
MESH
2Story_Columns_Mat.004
<Matrix 4x4 (-0.0000, 0.0000,  0.4570, 0.0000)
            ( 0.0000, 0.4570,  0.0000, 0.0000)
            (-0.4570, 0.0000, -0.0000, 0.0000)
            ( 8.1449, 0.6021, 12.4284, 1.0000)>
MESH
2Story_2_Mat.002
<Matrix 4x4 (-0.0000, 0.0000,  0.4570, 0.0000)
            ( 0.0000, 0.4570,  0.0000, 0.0000)
            (-0.4570, 0.0000, -0.0000, 0.0000)
            ( 8.1449, 0.6383,  4.0422, 1.0000)>
MESH
1Story_Sign_Mat.011
<Matrix 4x4 (-0.0000, 0.0000,  0.4570, 0.0000)
            ( 0.0000, 0.4570,  0.0000, 0.0000)
            (-0.4570, 0.0000, -0.0000, 0.0000)
            ( 8.1449, 0.6246,  5.3753, 1.0000)>
MESH
4Story_Mat.005
<Matrix 4x4 (-0.0000, 0.0000,  0.4570, 0.0000)
            ( 0.0000, 0.4570,  0.0000, 0.0000)
            (-0.4570, 0.0000, -0.0000, 0.0000)
            ( 8.1449, 0.6224,  0.8242, 1.0000)>
MESH
1Story_Sign_Mat.012
<Matrix 4x4 (-0.0000, 0.0000,  0.4570, 0.0000)
            ( 0.0000, 0.4570,  0.0000, 0.0000)
            (-0.4570, 0.0000, -0.0000, 0.0000)
            ( 8.1449, 0.6246,  6.7010, 1.0000)>
MESH
1Story_Sign_Mat.017
<Matrix 4x4 (-0.0000, 0.0000,  0.4570, 0.0000)
            ( 0.0000, 0.4570,  0.0000, 0.0000)
            (-0.4570, 0.0000, -0.0000, 0.0000)
            ( 8.1449, 0.6246,  7.9630, 1.0000)>
MESH
6Story_Stack_Mat.007
<Matrix 4x4 (-0.0000, 0.0000,  0.4570, 0.0000)
            ( 0.0000, 0.4570,  0.0000, 0.0000)
            (-0.4570, 0.0000, -0.0000, 0.0000)
            ( 8.1449, 0.6288, 10.9409, 1.0000)>
MESH
2Story_Columns_Mat.005
<Matrix 4x4 (-0.0000, 0.0000,  0.4570, 0.0000)
            ( 0.0000, 0.4570,  0.0000, 0.0000)
            (-0.4570, 0.0000, -0.0000, 0.0000)
            ( 8.1449, 0.6021,  9.4478, 1.0000)>
MESH
6Story_Stack_Mat.008
<Matrix 4x4 ( 0.4570, 0.0000,   0.0000, 0.0000)
            ( 0.0000, 0.4570,  -0.0000, 0.0000)
            (-0.0000, 0.0000,   0.4570, 0.0000)
            ( 6.9451, 0.6288, -16.4943, 1.0000)>
MESH
House1
<Matrix 4x4 (0.4570, 0.0000,   0.0000, 0.0000)
            (0.0000, 0.4570,  -0.0000, 0.0000)
            (0.0000, 0.0000,   0.4570, 0.0000)
            (3.5669, 0.6229, -16.2598, 1.0000)>
MESH
House2
<Matrix 4x4 (0.4570, 0.0000,   0.0000, 0.0000)
            (0.0000, 0.4570,  -0.0000, 0.0000)
            (0.0000, 0.0000,   0.4570, 0.0000)
            (5.3320, 0.7334, -16.3423, 1.0000)>
MESH
House1.001
<Matrix 4x4 (0.4570, 0.0000,   0.0000, 0.0000)
            (0.0000, 0.4570,  -0.0000, 0.0000)
            (0.0000, 0.0000,   0.4570, 0.0000)
            (2.2343, 0.6229, -16.2598, 1.0000)>
MESH
Building4
<Matrix 4x4 (0.4570, 0.0000,   0.0000, 0.0000)
            (0.0000, 0.4570,  -0.0000, 0.0000)
            (0.0000, 0.0000,   0.4570, 0.0000)
            (0.1749, 0.6441, -16.4752, 1.0000)>
MESH
4Story_Wide_2Doors_Roof_Mat.003
<Matrix 4x4 ( 0.4570, 0.0000,   0.0000, 0.0000)
            ( 0.0000, 0.4570,  -0.0000, 0.0000)
            ( 0.0000, 0.0000,   0.4570, 0.0000)
            (-2.9878, 0.6326, -16.6331, 1.0000)>
MESH
Building2_Large.001
<Matrix 4x4 ( 0.4570, 0.0000,  0.0000, 0.0000)
            ( 0.0000, 0.4570, -0.0000, 0.0000)
            ( 0.0000, 0.0000,  0.4570, 0.0000)
            (-3.3508, 0.6445, -2.8706, 1.0000)>
MESH
4Story_Wide_2Doors_Roof_Mat.004
<Matrix 4x4 (-0.4570, 0.0000, -0.0000, 0.0000)
            (-0.0000, 0.4570,  0.0000, 0.0000)
            ( 0.0000, 0.0000, -0.4570, 0.0000)
            ( 5.3554, 0.6326, -2.9437, 1.0000)>
MESH
House1.002
<Matrix 4x4 (-0.4570, 0.0000, -0.0000, 0.0000)
            (-0.0000, 0.4570,  0.0000, 0.0000)
            ( 0.0000, 0.0000, -0.4570, 0.0000)
            ( 2.2400, 0.6229, -3.2724, 1.0000)>
MESH
4Story_Mat.006
<Matrix 4x4 (-0.4570, 0.0000, -0.0000, 0.0000)
            (-0.0000, 0.4570,  0.0000, 0.0000)
            ( 0.0000, 0.0000, -0.4570, 0.0000)
            (-0.2812, 0.6224, -2.9645, 1.0000)>
MESH
Building1_Large.001
<Matrix 4x4 ( 0.4570, 0.0000,  0.0000, 0.0000)
            ( 0.0000, 0.4570, -0.0000, 0.0000)
            (-0.0000, 0.0000,  0.4570, 0.0000)
            (-2.4696, 0.6215,  0.5108, 1.0000)>
MESH
Building3_Big.001
<Matrix 4x4 ( 0.4570, 0.0000,  0.0000, 0.0000)
            ( 0.0000, 0.4570, -0.0000, 0.0000)
            (-0.0000, 0.0000,  0.4570, 0.0000)
            ( 4.2920, 0.6345,  0.8004, 1.0000)>
MESH
6Story_Stack_Mat.009
<Matrix 4x4 ( 0.4570, 0.0000,  0.0000, 0.0000)
            ( 0.0000, 0.4570, -0.0000, 0.0000)
            (-0.0000, 0.0000,  0.4570, 0.0000)
            ( 6.4831, 0.6288,  0.4539, 1.0000)>
MESH
1Story_Sign_Mat.018
<Matrix 4x4 ( 0.4570, 0.0000,  0.0000, 0.0000)
            ( 0.0000, 0.4570, -0.0000, 0.0000)
            (-0.0000, 0.0000,  0.4570, 0.0000)
            ( 0.4618, 0.6298,  0.4457, 1.0000)>
MESH
2Story_2_Mat.003
<Matrix 4x4 ( 0.5805, 0.0000,  0.0000, 0.0000)
            ( 0.0000, 0.4536, -0.0000, 0.0000)
            (-0.0000, 0.0000,  0.5762, 0.0000)
            ( 2.1910, 0.6226,  0.4596, 1.0000)>
MESH
Street_4Way_2
<Matrix 4x4 ( 1.1666, 0.0000,  0.0000, 0.0000)
            ( 0.0000, 1.1666, -0.0000, 0.0000)
            ( 0.0000, 0.0000,  1.1666, 0.0000)
            (-7.3643, 0.4572, 15.6329, 1.0000)>
MESH
Street_4Way_2.001
<Matrix 4x4 (1.1666, 0.0000,  0.0000, 0.0000)
            (0.0000, 1.1666, -0.0000, 0.0000)
            (0.0000, 0.0000,  1.1666, 0.0000)
            (9.5284, 0.4572, 15.6329, 1.0000)>
MESH
Street_4Way_2.002
<Matrix 4x4 (1.1666, 0.0000,   0.0000, 0.0000)
            (0.0000, 1.1666,  -0.0000, 0.0000)
            (0.0000, 0.0000,   1.1666, 0.0000)
            (9.4759, 0.4572, -18.1750, 1.0000)>
MESH
Street_4Way_2.003
<Matrix 4x4 ( 1.1666, 0.0000,   0.0000, 0.0000)
            ( 0.0000, 1.1666,  -0.0000, 0.0000)
            ( 0.0000, 0.0000,   1.1666, 0.0000)
            (-7.4429, 0.4572, -18.1525, 1.0000)>
MESH
Street_Straight.018
<Matrix 4x4 ( -3.6203, 0.0000,   0.0000, 0.0000)
            (  0.0000, 1.1666,   0.0000, 0.0000)
            ( -0.0000, 0.0000,  -1.1666, 0.0000)
            (-12.2194, 0.4472, -18.1439, 1.0000)>
MESH
Street_Straight.019
<Matrix 4x4 ( -3.6203, 0.0000,   0.0000, 0.0000)
            (  0.0000, 1.1666,   0.0000, 0.0000)
            ( -0.0000, 0.0000,  -1.1666, 0.0000)
            (-19.4794, 0.4472, -18.1465, 1.0000)>
MESH
Street_Straight.020
<Matrix 4x4 ( -3.6203, 0.0000,  0.0000, 0.0000)
            (  0.0000, 1.1666,  0.0000, 0.0000)
            ( -0.0000, 0.0000, -1.1666, 0.0000)
            (-19.5141, 0.4472, 15.6471, 1.0000)>
MESH
Street_Straight.021
<Matrix 4x4 ( -3.6203, 0.0000,  0.0000, 0.0000)
            (  0.0000, 1.1666,  0.0000, 0.0000)
            ( -0.0000, 0.0000, -1.1666, 0.0000)
            (-12.2545, 0.4472, 15.6439, 1.0000)>
MESH
Street_3Way_2.004
<Matrix 4x4 ( -1.1024, 0.0000,   0.0000, 0.0000)
            (  0.0000, 1.1666,   0.0000, 0.0000)
            ( -0.0000, 0.0000,  -1.1666, 0.0000)
            (-24.1963, 0.4472, -18.1456, 1.0000)>
MESH
Street_3Way_2.005
<Matrix 4x4 ( -1.1024, 0.0000,  0.0000, 0.0000)
            (  0.0000, 1.1666,  0.0000, 0.0000)
            ( -0.0000, 0.0000, -1.1666, 0.0000)
            (-24.2306, 0.4472, 15.6457, 1.0000)>
MESH
Street_Straight.022
<Matrix 4x4 (  0.0137, 0.0000,   3.6202, 0.0000)
            (  0.0000, 1.1666,  -0.0000, 0.0000)
            ( -1.1666, 0.0000,   0.0044, 0.0000)
            (-24.1963, 0.4472, -13.3447, 1.0000)>
MESH
Street_Straight.025
<Matrix 4x4 (  0.0137, 0.0000,  3.6202, 0.0000)
            (  0.0000, 1.1666, -0.0000, 0.0000)
            ( -1.1666, 0.0000,  0.0044, 0.0000)
            (-24.1963, 0.4472, 10.8207, 1.0000)>
MESH
Street_Straight.023
<Matrix 4x4 (  0.0319, 0.0000,  8.4101, 0.0000)
            (  0.0000, 1.1965, -0.0000, 0.0000)
            ( -1.1965, 0.0000,  0.0045, 0.0000)
            (-24.1963, 0.4472, -1.2259, 1.0000)>
MESH
Street_Empty.004
<Matrix 4x4 ( -7.1380, 0.0000,  0.0011, 0.0000)
            (  0.0000, 1.1666,  0.0000, 0.0000)
            ( -0.0011, 0.0000, -7.1883, 0.0000)
            (-15.8018, 0.4472,  7.1579, 1.0000)>
MESH
Street_Empty.005
<Matrix 4x4 ( -7.1380, 0.0000,  0.0011, 0.0000)
            (  0.0000, 1.1666,  0.0000, 0.0000)
            ( -0.0013, 0.0000, -8.3817, 0.0000)
            (-15.8018, 0.4472, -8.5238, 1.0000)>
MESH
Street_Straight.014
<Matrix 4x4 (-0.0189, 0.0000,  -3.6202, 0.0000)
            (-0.0000, 1.1666,   0.0000, 0.0000)
            ( 1.1666, 0.0000,  -0.0061, 0.0000)
            (26.3048, 0.4472, -13.4005, 1.0000)>
MESH
Street_Straight.015
<Matrix 4x4 (-0.0438, 0.0000, -8.4100, 0.0000)
            (-0.0000, 1.1965,  0.0000, 0.0000)
            ( 1.1965, 0.0000, -0.0062, 0.0000)
            (26.3219, 0.4472, -1.3540, 1.0000)>
MESH
Street_Straight.016
<Matrix 4x4 (-0.0189, 0.0000, -3.6202, 0.0000)
            (-0.0000, 1.1666,  0.0000, 0.0000)
            ( 1.1666, 0.0000, -0.0061, 0.0000)
            (26.3390, 0.4472, 10.7648, 1.0000)>
MESH
Street_Straight.017
<Matrix 4x4 ( 3.6203, 0.0000,  -0.0051, 0.0000)
            (-0.0000, 1.1666,  -0.0000, 0.0000)
            ( 0.0017, 0.0000,   1.1666, 0.0000)
            (14.3562, 0.4472, -18.2069, 1.0000)>
MESH
Street_Straight.024
<Matrix 4x4 ( 3.6203, 0.0000,  -0.0051, 0.0000)
            (-0.0000, 1.1666,  -0.0000, 0.0000)
            ( 0.0017, 0.0000,   1.1666, 0.0000)
            (21.6157, 0.4472, -18.2204, 1.0000)>
MESH
Street_Straight.026
<Matrix 4x4 ( 3.6203, 0.0000, -0.0051, 0.0000)
            (-0.0000, 1.1666, -0.0000, 0.0000)
            ( 0.0017, 0.0000,  1.1666, 0.0000)
            (21.6288, 0.4472, 15.5733, 1.0000)>
MESH
Street_Straight.027
<Matrix 4x4 ( 3.6203, 0.0000, -0.0051, 0.0000)
            (-0.0000, 1.1666, -0.0000, 0.0000)
            ( 0.0017, 0.0000,  1.1666, 0.0000)
            (14.3689, 0.4472, 15.5809, 1.0000)>
MESH
Street_Empty.006
<Matrix 4x4 ( 7.1380, 0.0000, -0.0112, 0.0000)
            (-0.0000, 1.1666, -0.0000, 0.0000)
            ( 0.0131, 0.0000,  8.3817, 0.0000)
            (17.9377, 0.4472,  5.9558, 1.0000)>
MESH
Street_Empty.007
<Matrix 4x4 ( 7.1380, 0.0000, -0.0112, 0.0000)
            (-0.0000, 1.1666, -0.0000, 0.0000)
            ( 0.0113, 0.0000,  7.1883, 0.0000)
            (17.9154, 0.4472, -9.7258, 1.0000)>
MESH
Street_3Way_2.002
<Matrix 4x4 ( 1.1024, 0.0000,  -0.0016, 0.0000)
            (-0.0000, 1.1666,  -0.0000, 0.0000)
            ( 0.0017, 0.0000,   1.1666, 0.0000)
            (26.3322, 0.4472, -18.2256, 1.0000)>
MESH
Street_3Way_2.003
<Matrix 4x4 ( 1.1024, 0.0000, -0.0016, 0.0000)
            (-0.0000, 1.1666, -0.0000, 0.0000)
            ( 0.0017, 0.0000,  1.1666, 0.0000)
            (26.3458, 0.4472, 15.5657, 1.0000)>
MESH
1Story_Sign_Mat.019
<Matrix 4x4 (-0.0000, 0.0000,   0.4570, 0.0000)
            ( 0.0000, 0.4570,   0.0000, 0.0000)
            (-0.4570, 0.0000,  -0.0000, 0.0000)
            (24.7657, 0.6246, -11.1804, 1.0000)>
MESH
1Story_Sign_Mat.020
<Matrix 4x4 (-0.0000, 0.0000,   0.4570, 0.0000)
            ( 0.0000, 0.4570,   0.0000, 0.0000)
            (-0.4570, 0.0000,  -0.0000, 0.0000)
            (24.7657, 0.6246, -12.2104, 1.0000)>
MESH
1Story_Sign_Mat.021
<Matrix 4x4 (-0.0000, 0.0000,   0.4570, 0.0000)
            ( 0.0000, 0.4570,   0.0000, 0.0000)
            (-0.4570, 0.0000,  -0.0000, 0.0000)
            (24.7657, 0.6246, -14.2767, 1.0000)>
MESH
1Story_Sign_Mat.022
<Matrix 4x4 (-0.0000, 0.0000,   0.4570, 0.0000)
            ( 0.0000, 0.4570,   0.0000, 0.0000)
            (-0.4570, 0.0000,  -0.0000, 0.0000)
            (24.7657, 0.6246, -13.2467, 1.0000)>
MESH
1Story_Sign_Mat.023
<Matrix 4x4 (-0.0000, 0.0000,   0.4570, 0.0000)
            ( 0.0000, 0.4570,   0.0000, 0.0000)
            (-0.4570, 0.0000,  -0.0000, 0.0000)
            (24.7657, 0.6246, -16.3302, 1.0000)>
MESH
1Story_Sign_Mat.024
<Matrix 4x4 (-0.0000, 0.0000,   0.4570, 0.0000)
            ( 0.0000, 0.4570,   0.0000, 0.0000)
            (-0.4570, 0.0000,  -0.0000, 0.0000)
            (24.7657, 0.6246, -15.3002, 1.0000)>
MESH
1Story_Sign_Mat.025
<Matrix 4x4 (-0.0000, 0.0000,  0.4570, 0.0000)
            ( 0.0000, 0.4570,  0.0000, 0.0000)
            (-0.4570, 0.0000, -0.0000, 0.0000)
            (24.7657, 0.6246, -7.0518, 1.0000)>
MESH
1Story_Sign_Mat.026
<Matrix 4x4 (-0.0000, 0.0000,  0.4570, 0.0000)
            ( 0.0000, 0.4570,  0.0000, 0.0000)
            (-0.4570, 0.0000, -0.0000, 0.0000)
            (24.7657, 0.6246, -8.0818, 1.0000)>
MESH
1Story_Sign_Mat.027
<Matrix 4x4 (-0.0000, 0.0000,   0.4570, 0.0000)
            ( 0.0000, 0.4570,   0.0000, 0.0000)
            (-0.4570, 0.0000,  -0.0000, 0.0000)
            (24.7657, 0.6246, -10.1481, 1.0000)>
MESH
1Story_Sign_Mat.028
<Matrix 4x4 (-0.0000, 0.0000,  0.4570, 0.0000)
            ( 0.0000, 0.4570,  0.0000, 0.0000)
            (-0.4570, 0.0000, -0.0000, 0.0000)
            (24.7657, 0.6246, -9.1181, 1.0000)>
MESH
1Story_Sign_Mat.029
<Matrix 4x4 (-0.0000, 0.0000,  0.4570, 0.0000)
            ( 0.0000, 0.4570,  0.0000, 0.0000)
            (-0.4570, 0.0000, -0.0000, 0.0000)
            (24.7657, 0.6246, -4.9982, 1.0000)>
MESH
1Story_Sign_Mat.030
<Matrix 4x4 (-0.0000, 0.0000,  0.4570, 0.0000)
            ( 0.0000, 0.4570,  0.0000, 0.0000)
            (-0.4570, 0.0000, -0.0000, 0.0000)
            (24.7657, 0.6246, -6.0283, 1.0000)>
MESH
1Story_Sign_Mat.031
<Matrix 4x4 (-0.0000, 0.0000,  0.4570, 0.0000)
            ( 0.0000, 0.4570,  0.0000, 0.0000)
            (-0.4570, 0.0000, -0.0000, 0.0000)
            (24.7657, 0.6246, -3.9620, 1.0000)>
MESH
1Story_Sign_Mat.032
<Matrix 4x4 (-0.0000, 0.0000,  0.4570, 0.0000)
            ( 0.0000, 0.4570,  0.0000, 0.0000)
            (-0.4570, 0.0000, -0.0000, 0.0000)
            (24.7657, 0.6246, -2.9319, 1.0000)>
MESH
Building3_Small.001
<Matrix 4x4 ( 0.2285, 0.0000,  -0.0006, 0.0000)
            (-0.0000, 0.2285,  -0.0000, 0.0000)
            ( 0.0006, 0.0000,   0.2285, 0.0000)
            (17.2441, 0.6267, -16.9371, 1.0000)>
MESH
Building1_Large.002
<Matrix 4x4 ( 0.4570, 0.0000,  -0.0012, 0.0000)
            (-0.0000, 0.4570,  -0.0000, 0.0000)
            ( 0.0012, 0.0000,   0.4570, 0.0000)
            (20.0186, 0.6215, -16.8571, 1.0000)>
MESH
6Story_Stack_Mat.010
<Matrix 4x4 ( 0.4570, 0.0000,  -0.0012, 0.0000)
            (-0.0000, 0.4570,  -0.0000, 0.0000)
            ( 0.0012, 0.0000,   0.4570, 0.0000)
            (13.2860, 0.6288, -16.9647, 1.0000)>
MESH
6Story_Stack_Mat.011
<Matrix 4x4 ( 0.4570, 0.0000,  -0.0012, 0.0000)
            (-0.0000, 0.4570,  -0.0000, 0.0000)
            ( 0.0012, 0.0000,   0.4570, 0.0000)
            (12.2724, 0.6288, -16.9621, 1.0000)>
MESH
6Story_Stack_Mat.012
<Matrix 4x4 ( 0.4570, 0.0000,  -0.0012, 0.0000)
            (-0.0000, 0.4570,  -0.0000, 0.0000)
            ( 0.0012, 0.0000,   0.4570, 0.0000)
            (11.2453, 0.6288, -16.9594, 1.0000)>
MESH
4Story_Mat.007
<Matrix 4x4 ( 0.4570, 0.0000,  -0.0012, 0.0000)
            (-0.0000, 0.4570,  -0.0000, 0.0000)
            ( 0.0012, 0.0000,   0.4570, 0.0000)
            (23.4255, 0.6224, -16.9912, 1.0000)>
MESH
3Story_Balcony_Mat.004
<Matrix 4x4 ( 0.4570, 0.0000,  -0.0012, 0.0000)
            (-0.0000, 0.4570,  -0.0000, 0.0000)
            ( 0.0012, 0.0000,   0.4570, 0.0000)
            (14.7008, 0.6171, -16.9684, 1.0000)>
MESH
3Story_Balcony_Mat.005
<Matrix 4x4 ( 0.4570, 0.0000,  -0.0012, 0.0000)
            (-0.0000, 0.4570,  -0.0000, 0.0000)
            ( 0.0012, 0.0000,   0.4570, 0.0000)
            (15.7476, 0.6171, -16.9712, 1.0000)>
MESH
6Story_Stack_Mat.013
<Matrix 4x4 ( 0.0000, 0.0000, -0.4570, 0.0000)
            (-0.0000, 0.4570, -0.0000, 0.0000)
            ( 0.4570, 0.0000,  0.0000, 0.0000)
            (11.1288, 0.6288, -4.0319, 1.0000)>
MESH
4Story_Wide_2Doors_Roof_Mat.005
<Matrix 4x4 ( 0.0000, 0.0000, -0.4570, 0.0000)
            (-0.0000, 0.4570, -0.0000, 0.0000)
            ( 0.4570, 0.0000,  0.0000, 0.0000)
            (11.1288, 0.6326, -9.2138, 1.0000)>
MESH
4Story_Mat.008
<Matrix 4x4 ( 0.0000, 0.0000, -0.4570, 0.0000)
            (-0.0000, 0.4570, -0.0000, 0.0000)
            ( 0.4570, 0.0000,  0.0000, 0.0000)
            (11.1288, 0.6224, -5.3458, 1.0000)>
MESH
4Story_Mat.009
<Matrix 4x4 ( 0.0000, 0.0000,  -0.4570, 0.0000)
            (-0.0000, 0.4570,  -0.0000, 0.0000)
            ( 0.4570, 0.0000,   0.0000, 0.0000)
            (11.1288, 0.6224, -12.9587, 1.0000)>
MESH
4Story_Mat.010
<Matrix 4x4 ( 0.0000, 0.0000,  -0.4570, 0.0000)
            (-0.0000, 0.4570,  -0.0000, 0.0000)
            ( 0.4570, 0.0000,   0.0000, 0.0000)
            (11.1288, 0.6224, -15.5545, 1.0000)>
MESH
3Story_Balcony_Mat.006
<Matrix 4x4 ( 0.0000, 0.0000,  -0.4570, 0.0000)
            (-0.0000, 0.4570,  -0.0000, 0.0000)
            ( 0.4570, 0.0000,   0.0000, 0.0000)
            (11.1288, 0.6171, -14.3409, 1.0000)>
MESH
2Story_Columns_Mat.006
<Matrix 4x4 ( 0.0000, 0.0000, -0.4570, 0.0000)
            (-0.0000, 0.4570, -0.0000, 0.0000)
            ( 0.4570, 0.0000,  0.0000, 0.0000)
            (11.1288, 0.6297, -2.7654, 1.0000)>
MESH
2Story_Columns_Mat.007
<Matrix 4x4 ( 0.0000, 0.0000, -0.4570, 0.0000)
            (-0.0000, 0.4570, -0.0000, 0.0000)
            ( 0.4570, 0.0000,  0.0000, 0.0000)
            (11.1288, 0.6297, -6.7880, 1.0000)>
MESH
2Story_2_Mat.004
<Matrix 4x4 ( 0.0000, 0.0000,  -0.4570, 0.0000)
            (-0.0000, 0.4570,  -0.0000, 0.0000)
            ( 0.4570, 0.0000,   0.0000, 0.0000)
            (11.1288, 0.7021, -11.6345, 1.0000)>
MESH
Building3_Big.002
<Matrix 4x4 (-0.4570, 0.0000, -0.0021, 0.0000)
            (-0.0000, 0.4570,  0.0000, 0.0000)
            ( 0.0021, 0.0000, -0.4570, 0.0000)
            (14.7605, 0.6345, 13.9639, 1.0000)>
MESH
Building1_Large.003
<Matrix 4x4 (-0.4570, 0.0000, -0.0021, 0.0000)
            (-0.0000, 0.4570,  0.0000, 0.0000)
            ( 0.0021, 0.0000, -0.4570, 0.0000)
            (21.5207, 0.6215, 14.2840, 1.0000)>
MESH
6Story_Stack_Mat.014
<Matrix 4x4 (-0.4570, 0.0000, -0.0021, 0.0000)
            (-0.0000, 0.4570,  0.0000, 0.0000)
            ( 0.0021, 0.0000, -0.4570, 0.0000)
            (12.5678, 0.6288, 14.3005, 1.0000)>
MESH
4Story_Mat.011
<Matrix 4x4 ( 0.0021, 0.0000, -0.4570, 0.0000)
            (-0.0000, 0.4570, -0.0000, 0.0000)
            ( 0.4570, 0.0000,  0.0021, 0.0000)
            (10.9078, 0.6224, 13.9227, 1.0000)>
MESH
4Story_Mat.012
<Matrix 4x4 (-0.0021, 0.0000,  0.4570, 0.0000)
            ( 0.0000, 0.4570,  0.0000, 0.0000)
            (-0.4570, 0.0000, -0.0021, 0.0000)
            (24.8473, 0.6224, 13.9166, 1.0000)>
MESH
2Story_2_Mat.005
<Matrix 4x4 (-0.5805, 0.0000, -0.0026, 0.0000)
            (-0.0000, 0.4536,  0.0000, 0.0000)
            ( 0.0026, 0.0000, -0.5762, 0.0000)
            (16.8600, 0.6226, 14.3141, 1.0000)>
MESH
1Story_Sign_Mat.033
<Matrix 4x4 (-0.4570, 0.0000, -0.0021, 0.0000)
            (-0.0000, 0.4570,  0.0000, 0.0000)
            ( 0.0021, 0.0000, -0.4570, 0.0000)
            (18.5890, 0.6298, 14.3358, 1.0000)>
MESH
House2.001
<Matrix 4x4 (-0.0059, 0.0000, -0.4570, 0.0000)
            (-0.0000, 0.4570,  0.0000, 0.0000)
            ( 0.4570, 0.0000, -0.0059, 0.0000)
            (11.1065, 0.7334,  2.3989, 1.0000)>
MESH
House1.003
<Matrix 4x4 (-0.0059, 0.0000, -0.4570, 0.0000)
            (-0.0000, 0.4570,  0.0000, 0.0000)
            ( 0.4570, 0.0000, -0.0059, 0.0000)
            (11.2294, 0.6229,  5.4952, 1.0000)>
MESH
House1.004
<Matrix 4x4 (-0.0059, 0.0000, -0.4570, 0.0000)
            (-0.0000, 0.4570,  0.0000, 0.0000)
            ( 0.4570, 0.0000, -0.0059, 0.0000)
            (11.2120, 0.6229,  4.1628, 1.0000)>
MESH
Building4.001
<Matrix 4x4 (-0.0059, 0.0000, -0.4570, 0.0000)
            (-0.0000, 0.4570,  0.0000, 0.0000)
            ( 0.4570, 0.0000, -0.0059, 0.0000)
            (11.0407, 0.6441,  7.5573, 1.0000)>
MESH
6Story_Stack_Mat.015
<Matrix 4x4 (-0.0059, 0.0000, -0.4570, 0.0000)
            (-0.0000, 0.4570,  0.0000, 0.0000)
            ( 0.4570, 0.0000, -0.0059, 0.0000)
            (10.9335, 0.6288,  0.7879, 1.0000)>
MESH
4Story_Wide_2Doors_Roof_Mat.006
<Matrix 4x4 (-0.0059, 0.0000, -0.4570, 0.0000)
            (-0.0000, 0.4570,  0.0000, 0.0000)
            ( 0.4570, 0.0000, -0.0059, 0.0000)
            (10.9240, 0.6326, 10.7218, 1.0000)>
MESH
3Story_Balcony_Mat.007
<Matrix 4x4 ( 0.0012, 0.0000, -0.4570, 0.0000)
            (-0.0000, 0.4570, -0.0000, 0.0000)
            ( 0.4570, 0.0000,  0.0012, 0.0000)
            (11.0557, 0.6171, -0.9561, 1.0000)>
MESH
Building3_Big.003
<Matrix 4x4 (-0.0051, 0.0000,  0.4570, 0.0000)
            ( 0.0000, 0.4570,  0.0000, 0.0000)
            (-0.4570, 0.0000, -0.0051, 0.0000)
            (24.5747, 0.6345, 10.1481, 1.0000)>
MESH
Building1_Large.004
<Matrix 4x4 (-0.0051, 0.0000,  0.4570, 0.0000)
            ( 0.0000, 0.4570,  0.0000, 0.0000)
            (-0.4570, 0.0000, -0.0051, 0.0000)
            (24.9393, 0.6215,  3.3901, 1.0000)>
MESH
6Story_Stack_Mat.016
<Matrix 4x4 (-0.0051, 0.0000,  0.4570, 0.0000)
            ( 0.0000, 0.4570,  0.0000, 0.0000)
            (-0.4570, 0.0000, -0.0051, 0.0000)
            (24.8970, 0.6288, 12.3429, 1.0000)>
MESH
2Story_2_Mat.006
<Matrix 4x4 (-0.0064, 0.0000,  0.5805, 0.0000)
            ( 0.0000, 0.4536,  0.0000, 0.0000)
            (-0.5761, 0.0000, -0.0064, 0.0000)
            (24.9388, 0.6226,  8.0510, 1.0000)>
MESH
1Story_Sign_Mat.034
<Matrix 4x4 (-0.0051, 0.0000,  0.4570, 0.0000)
            ( 0.0000, 0.4570,  0.0000, 0.0000)
            (-0.4570, 0.0000, -0.0051, 0.0000)
            (24.9718, 0.6298,  6.3221, 1.0000)>
MESH
Building2_Large.002
<Matrix 4x4 (-0.0025, 0.0000, -0.4570, 0.0000)
            (-0.0000, 0.4570,  0.0000, 0.0000)
            ( 0.4570, 0.0000, -0.0025, 0.0000)
            (24.7568, 0.6445, -0.4874, 1.0000)>
MESH
Building3_Small.002
<Matrix 4x4 ( -0.2285, 0.0000,  0.0047, 0.0000)
            (  0.0000, 0.2285,  0.0000, 0.0000)
            ( -0.0047, 0.0000, -0.2285, 0.0000)
            (-15.1755, 0.6267, 13.9420, 1.0000)>
MESH
Building1_Large.005
<Matrix 4x4 ( -0.4569, 0.0000,  0.0093, 0.0000)
            (  0.0000, 0.4570,  0.0000, 0.0000)
            ( -0.0093, 0.0000, -0.4569, 0.0000)
            (-17.9511, 0.6215, 13.9115, 1.0000)>
MESH
6Story_Stack_Mat.017
<Matrix 4x4 ( 0.0081, 0.0000,  0.4570, 0.0000)
            ( 0.0000, 0.4570, -0.0000, 0.0000)
            (-0.4570, 0.0000,  0.0081, 0.0000)
            (-9.2912, 0.6288,  0.9300, 1.0000)>
MESH
6Story_Stack_Mat.018
<Matrix 4x4 (-0.4569, 0.0000,  0.0093, 0.0000)
            ( 0.0000, 0.4570,  0.0000, 0.0000)
            (-0.0093, 0.0000, -0.4569, 0.0000)
            (-9.1773, 0.6288, 13.8575, 1.0000)>
MESH
6Story_Stack_Mat.019
<Matrix 4x4 ( -0.4569, 0.0000,  0.0093, 0.0000)
            (  0.0000, 0.4570,  0.0000, 0.0000)
            ( -0.0093, 0.0000, -0.4569, 0.0000)
            (-10.2042, 0.6288, 13.8785, 1.0000)>
MESH
6Story_Stack_Mat.020
<Matrix 4x4 ( -0.4569, 0.0000,  0.0093, 0.0000)
            (  0.0000, 0.4570,  0.0000, 0.0000)
            ( -0.0093, 0.0000, -0.4569, 0.0000)
            (-11.2176, 0.6288, 13.8992, 1.0000)>
MESH
4Story_Wide_2Doors_Roof_Mat.007
<Matrix 4x4 ( 0.0081, 0.0000,  0.4570, 0.0000)
            ( 0.0000, 0.4570, -0.0000, 0.0000)
            (-0.4570, 0.0000,  0.0081, 0.0000)
            (-9.1989, 0.6326,  6.1111, 1.0000)>
MESH
4Story_Mat.013
<Matrix 4x4 ( 0.0081, 0.0000,  0.4570, 0.0000)
            ( 0.0000, 0.4570, -0.0000, 0.0000)
            (-0.4570, 0.0000,  0.0081, 0.0000)
            (-9.0859, 0.6224, 12.4507, 1.0000)>
MESH
4Story_Mat.014
<Matrix 4x4 ( 0.0081, 0.0000,  0.4570, 0.0000)
            ( 0.0000, 0.4570, -0.0000, 0.0000)
            (-0.4570, 0.0000,  0.0081, 0.0000)
            (-9.1322, 0.6224,  9.8554, 1.0000)>
MESH
4Story_Mat.015
<Matrix 4x4 ( 0.0081, 0.0000,  0.4570, 0.0000)
            ( 0.0000, 0.4570, -0.0000, 0.0000)
            (-0.4570, 0.0000,  0.0081, 0.0000)
            (-9.2678, 0.6224,  2.2437, 1.0000)>
MESH
4Story_Mat.016
<Matrix 4x4 ( -0.4569, 0.0000,  0.0093, 0.0000)
            (  0.0000, 0.4570,  0.0000, 0.0000)
            ( -0.0093, 0.0000, -0.4569, 0.0000)
            (-21.3550, 0.6224, 14.1063, 1.0000)>
MESH
3Story_Balcony_Mat.008
<Matrix 4x4 ( 0.0081, 0.0000,  0.4570, 0.0000)
            ( 0.0000, 0.4570, -0.0000, 0.0000)
            (-0.4570, 0.0000,  0.0081, 0.0000)
            (-9.1075, 0.6171, 11.2374, 1.0000)>
MESH
3Story_Balcony_Mat.009
<Matrix 4x4 ( -0.4569, 0.0000,  0.0093, 0.0000)
            (  0.0000, 0.4570,  0.0000, 0.0000)
            ( -0.0093, 0.0000, -0.4569, 0.0000)
            (-13.6787, 0.6171, 13.9495, 1.0000)>
MESH
3Story_Balcony_Mat.010
<Matrix 4x4 ( -0.4569, 0.0000,  0.0093, 0.0000)
            (  0.0000, 0.4570,  0.0000, 0.0000)
            ( -0.0093, 0.0000, -0.4569, 0.0000)
            (-12.6321, 0.6171, 13.9281, 1.0000)>
MESH
2Story_Columns_Mat.008
<Matrix 4x4 ( 0.0081, 0.0000,  0.4570, 0.0000)
            ( 0.0000, 0.4570, -0.0000, 0.0000)
            (-0.4570, 0.0000,  0.0081, 0.0000)
            (-9.2421, 0.6297,  3.6856, 1.0000)>
MESH
2Story_Columns_Mat.009
<Matrix 4x4 ( 0.0081, 0.0000,  0.4570, 0.0000)
            ( 0.0000, 0.4570, -0.0000, 0.0000)
            (-0.4570, 0.0000,  0.0081, 0.0000)
            (-9.3137, 0.6297, -0.3363, 1.0000)>
MESH
2Story_2_Mat.007
<Matrix 4x4 ( 0.0081, 0.0000,  0.4570, 0.0000)
            ( 0.0000, 0.4570, -0.0000, 0.0000)
            (-0.4570, 0.0000,  0.0081, 0.0000)
            (-9.1557, 0.7021,  8.5314, 1.0000)>
MESH
1Story_Sign_Mat.035
<Matrix 4x4 ( -0.0081, 0.0000, -0.4570, 0.0000)
            ( -0.0000, 0.4570,  0.0000, 0.0000)
            (  0.4570, 0.0000, -0.0081, 0.0000)
            (-22.9455, 0.6246,  0.0731, 1.0000)>
MESH
1Story_Sign_Mat.036
<Matrix 4x4 ( -0.0081, 0.0000, -0.4570, 0.0000)
            ( -0.0000, 0.4570,  0.0000, 0.0000)
            (  0.4570, 0.0000, -0.0081, 0.0000)
            (-22.9271, 0.6246,  1.1030, 1.0000)>
MESH
1Story_Sign_Mat.037
<Matrix 4x4 ( -0.0081, 0.0000, -0.4570, 0.0000)
            ( -0.0000, 0.4570,  0.0000, 0.0000)
            (  0.4570, 0.0000, -0.0081, 0.0000)
            (-22.8903, 0.6246,  3.1690, 1.0000)>
MESH
1Story_Sign_Mat.038
<Matrix 4x4 ( -0.0081, 0.0000, -0.4570, 0.0000)
            ( -0.0000, 0.4570,  0.0000, 0.0000)
            (  0.4570, 0.0000, -0.0081, 0.0000)
            (-22.9086, 0.6246,  2.1391, 1.0000)>
MESH
1Story_Sign_Mat.039
<Matrix 4x4 ( -0.0081, 0.0000, -0.4570, 0.0000)
            ( -0.0000, 0.4570,  0.0000, 0.0000)
            (  0.4570, 0.0000, -0.0081, 0.0000)
            (-22.8353, 0.6246,  6.2583, 1.0000)>
MESH
1Story_Sign_Mat.040
<Matrix 4x4 ( -0.0081, 0.0000, -0.4570, 0.0000)
            ( -0.0000, 0.4570,  0.0000, 0.0000)
            (  0.4570, 0.0000, -0.0081, 0.0000)
            (-22.8169, 0.6246,  7.2882, 1.0000)>
MESH
1Story_Sign_Mat.041
<Matrix 4x4 ( -0.0081, 0.0000, -0.4570, 0.0000)
            ( -0.0000, 0.4570,  0.0000, 0.0000)
            (  0.4570, 0.0000, -0.0081, 0.0000)
            (-22.8537, 0.6246,  5.2222, 1.0000)>
MESH
1Story_Sign_Mat.042
<Matrix 4x4 ( -0.0081, 0.0000, -0.4570, 0.0000)
            ( -0.0000, 0.4570,  0.0000, 0.0000)
            (  0.4570, 0.0000, -0.0081, 0.0000)
            (-22.8721, 0.6246,  4.1923, 1.0000)>
MESH
1Story_Sign_Mat.043
<Matrix 4x4 ( -0.0081, 0.0000, -0.4570, 0.0000)
            ( -0.0000, 0.4570,  0.0000, 0.0000)
            (  0.4570, 0.0000, -0.0081, 0.0000)
            (-22.7251, 0.6246, 12.4394, 1.0000)>
MESH
1Story_Sign_Mat.044
<Matrix 4x4 ( -0.0081, 0.0000, -0.4570, 0.0000)
            ( -0.0000, 0.4570,  0.0000, 0.0000)
            (  0.4570, 0.0000, -0.0081, 0.0000)
            (-22.7068, 0.6246, 13.4693, 1.0000)>
MESH
1Story_Sign_Mat.045
<Matrix 4x4 ( -0.0081, 0.0000, -0.4570, 0.0000)
            ( -0.0000, 0.4570,  0.0000, 0.0000)
            (  0.4570, 0.0000, -0.0081, 0.0000)
            (-22.7617, 0.6246, 10.3862, 1.0000)>
MESH
1Story_Sign_Mat.046
<Matrix 4x4 ( -0.0081, 0.0000, -0.4570, 0.0000)
            ( -0.0000, 0.4570,  0.0000, 0.0000)
            (  0.4570, 0.0000, -0.0081, 0.0000)
            (-22.7434, 0.6246, 11.4161, 1.0000)>
MESH
1Story_Sign_Mat.047
<Matrix 4x4 ( -0.0081, 0.0000, -0.4570, 0.0000)
            ( -0.0000, 0.4570,  0.0000, 0.0000)
            (  0.4570, 0.0000, -0.0081, 0.0000)
            (-22.7802, 0.6246,  9.3501, 1.0000)>
MESH
1Story_Sign_Mat.048
<Matrix 4x4 ( -0.0081, 0.0000, -0.4570, 0.0000)
            ( -0.0000, 0.4570,  0.0000, 0.0000)
            (  0.4570, 0.0000, -0.0081, 0.0000)
            (-22.7985, 0.6246,  8.3202, 1.0000)>
MESH
House2.002
<Matrix 4x4 ( 0.0055, 0.0000,  0.4570, 0.0000)
            ( 0.0000, 0.4570, -0.0000, 0.0000)
            (-0.4570, 0.0000,  0.0055, 0.0000)
            (-9.1233, 0.7334, -5.1408, 1.0000)>
MESH
House1.005
<Matrix 4x4 ( 0.0055, 0.0000,  0.4570, 0.0000)
            ( 0.0000, 0.4570, -0.0000, 0.0000)
            (-0.4570, 0.0000,  0.0055, 0.0000)
            (-9.2269, 0.6229, -6.9048, 1.0000)>
MESH
House1.006
<Matrix 4x4 ( 0.0055, 0.0000,  0.4570, 0.0000)
            ( 0.0000, 0.4570, -0.0000, 0.0000)
            (-0.4570, 0.0000,  0.0055, 0.0000)
            (-9.2428, 0.6229, -8.2372, 1.0000)>
MESH
Building4.002
<Matrix 4x4 ( 0.0055, 0.0000,   0.4570, 0.0000)
            ( 0.0000, 0.4570,  -0.0000, 0.0000)
            (-0.4570, 0.0000,   0.0055, 0.0000)
            (-9.0520, 0.6441, -10.2991, 1.0000)>
MESH
Building3_Big.004
<Matrix 4x4 (  0.0055, 0.0000,  -0.4570, 0.0000)
            ( -0.0000, 0.4570,  -0.0000, 0.0000)
            (  0.4570, 0.0000,   0.0055, 0.0000)
            (-22.5833, 0.6345, -12.9042, 1.0000)>
MESH
Building3_Big.005
<Matrix 4x4 (  0.4570, 0.0000,   0.0025, 0.0000)
            (  0.0000, 0.4570,  -0.0000, 0.0000)
            ( -0.0025, 0.0000,   0.4570, 0.0000)
            (-12.7650, 0.6345, -16.7096, 1.0000)>
MESH
Building2_Large.003
<Matrix 4x4 (  0.0020, 0.0000,  0.4570, 0.0000)
            (  0.0000, 0.4570, -0.0000, 0.0000)
            ( -0.4570, 0.0000,  0.0020, 0.0000)
            (-22.7766, 0.6445, -2.2689, 1.0000)>
MESH
Building1_Large.006
<Matrix 4x4 (  0.0055, 0.0000, -0.4570, 0.0000)
            ( -0.0000, 0.4570, -0.0000, 0.0000)
            (  0.4570, 0.0000,  0.0055, 0.0000)
            (-22.9550, 0.6215, -6.1466, 1.0000)>
MESH
Building1_Large.007
<Matrix 4x4 (  0.4570, 0.0000,   0.0025, 0.0000)
            (  0.0000, 0.4570,  -0.0000, 0.0000)
            ( -0.0025, 0.0000,   0.4570, 0.0000)
            (-19.5249, 0.6215, -17.0369, 1.0000)>
MESH
6Story_Stack_Mat.021
<Matrix 4x4 (  0.0055, 0.0000,  -0.4570, 0.0000)
            ( -0.0000, 0.4570,  -0.0000, 0.0000)
            (  0.4570, 0.0000,   0.0055, 0.0000)
            (-22.9032, 0.6288, -15.0993, 1.0000)>
MESH
6Story_Stack_Mat.022
<Matrix 4x4 ( 0.0055, 0.0000,  0.4570, 0.0000)
            ( 0.0000, 0.4570, -0.0000, 0.0000)
            (-0.4570, 0.0000,  0.0055, 0.0000)
            (-8.9519, 0.6288, -3.5296, 1.0000)>
MESH
6Story_Stack_Mat.023
<Matrix 4x4 (  0.4570, 0.0000,   0.0025, 0.0000)
            (  0.0000, 0.4570,  -0.0000, 0.0000)
            ( -0.0025, 0.0000,   0.4570, 0.0000)
            (-10.5720, 0.6288, -17.0440, 1.0000)>
MESH
4Story_Wide_2Doors_Roof_Mat.008
<Matrix 4x4 ( 0.0055, 0.0000,   0.4570, 0.0000)
            ( 0.0000, 0.4570,  -0.0000, 0.0000)
            (-0.4570, 0.0000,   0.0055, 0.0000)
            (-8.9320, 0.6326, -13.4635, 1.0000)>
MESH
4Story_Mat.017
<Matrix 4x4 (  0.0025, 0.0000,  -0.4570, 0.0000)
            ( -0.0000, 0.4570,  -0.0000, 0.0000)
            (  0.4570, 0.0000,   0.0025, 0.0000)
            (-22.8518, 0.6224, -16.6730, 1.0000)>
MESH
4Story_Mat.018
<Matrix 4x4 (-0.0025, 0.0000,   0.4570, 0.0000)
            ( 0.0000, 0.4570,   0.0000, 0.0000)
            (-0.4570, 0.0000,  -0.0025, 0.0000)
            (-8.9123, 0.6224, -16.6644, 1.0000)>
MESH
3Story_Balcony_Mat.011
<Matrix 4x4 (-0.0016, 0.0000,  0.4570, 0.0000)
            ( 0.0000, 0.4570,  0.0000, 0.0000)
            (-0.4570, 0.0000, -0.0016, 0.0000)
            (-9.0760, 0.6171, -1.7857, 1.0000)>
MESH
2Story_2_Mat.008
<Matrix 4x4 (  0.0070, 0.0000,  -0.5805, 0.0000)
            ( -0.0000, 0.4536,  -0.0000, 0.0000)
            (  0.5761, 0.0000,   0.0070, 0.0000)
            (-22.9496, 0.6226, -10.8074, 1.0000)>
MESH
2Story_2_Mat.009
<Matrix 4x4 (  0.5805, 0.0000,   0.0032, 0.0000)
            (  0.0000, 0.4536,  -0.0000, 0.0000)
            ( -0.0032, 0.0000,   0.5762, 0.0000)
            (-14.8641, 0.6226, -17.0621, 1.0000)>
MESH
1Story_Sign_Mat.049
<Matrix 4x4 (  0.0055, 0.0000, -0.4570, 0.0000)
            ( -0.0000, 0.4570, -0.0000, 0.0000)
            (  0.4570, 0.0000,  0.0055, 0.0000)
            (-22.9844, 0.6298, -9.0786, 1.0000)>
MESH
1Story_Sign_Mat.050
<Matrix 4x4 (  0.4570, 0.0000,   0.0025, 0.0000)
            (  0.0000, 0.4570,  -0.0000, 0.0000)
            ( -0.0025, 0.0000,   0.4570, 0.0000)
            (-16.5931, 0.6298, -17.0856, 1.0000)>
MESH
Street_Straight.030
<Matrix 4x4 ( 0.0057, 0.0000, -4.9053, 0.0000)
            (-0.0000, 1.1666, -0.0000, 0.0000)
            ( 1.1667, 0.0000,  0.0013, 0.0000)
            ( 9.5159, 0.4472, 21.7548, 1.0000)>
MESH
Street_3Way_2.008
<Matrix 4x4 (-0.0055, 0.0000,  1.1024, 0.0000)
            ( 0.0000, 1.1666,  0.0000, 0.0000)
            (-1.1666, 0.0000, -0.0058, 0.0000)
            ( 9.5150, 0.4472, 27.7751, 1.0000)>
MESH
Street_Straight.031
<Matrix 4x4 ( 0.0057, 0.0000, -4.9053, 0.0000)
            (-0.0000, 1.1666, -0.0000, 0.0000)
            ( 1.1667, 0.0000,  0.0013, 0.0000)
            (-7.4375, 0.4472, 21.7548, 1.0000)>
MESH
Street_3Way_2.009
<Matrix 4x4 (-0.0055, 0.0000,  1.1024, 0.0000)
            ( 0.0000, 1.1666,  0.0000, 0.0000)
            (-1.1666, 0.0000, -0.0058, 0.0000)
            (-7.4384, 0.4472, 27.7751, 1.0000)>
MESH
Street_Straight.032
<Matrix 4x4 (3.6203, 0.0000,  0.0000, 0.0000)
            (0.0000, 1.1666, -0.0000, 0.0000)
            (0.0000, 0.0000,  1.1666, 0.0000)
            (4.7297, 0.4472, 27.7699, 1.0000)>
MESH
Street_Straight.033
<Matrix 4x4 ( 3.6723, 0.0000,  0.0000, 0.0000)
            ( 0.0000, 1.1666, -0.0000, 0.0000)
            ( 0.0000, 0.0000,  1.1666, 0.0000)
            (-2.5969, 0.4472, 27.7699, 1.0000)>
MESH
Street_Straight.034
<Matrix 4x4 (  7.1164, 0.0000,  0.0000, 0.0000)
            (  0.0000, 1.1666, -0.0000, 0.0000)
            (  0.0000, 0.0000,  1.1666, 0.0000)
            (-15.7457, 0.4472, 27.7378, 1.0000)>
MESH
Street_Straight.036
<Matrix 4x4 ( 3.6203, 0.0000,  0.0000, 0.0000)
            ( 0.0000, 1.1666, -0.0000, 0.0000)
            ( 0.0000, 0.0000,  1.1666, 0.0000)
            (21.6451, 0.4472, 27.7699, 1.0000)>
MESH
Street_Straight.037
<Matrix 4x4 ( 3.6723, 0.0000,  0.0000, 0.0000)
            ( 0.0000, 1.1666, -0.0000, 0.0000)
            ( 0.0000, 0.0000,  1.1666, 0.0000)
            (14.3365, 0.4472, 27.7699, 1.0000)>
MESH
Street_Straight.038
<Matrix 4x4 (-0.0256, 0.0000, -4.9145, 0.0000)
            (-0.0000, 1.1666,  0.0000, 0.0000)
            ( 1.1666, 0.0000, -0.0061, 0.0000)
            (26.3912, 0.4472, 21.6698, 1.0000)>
MESH
Street_3Way_2.010
<Matrix 4x4 (-0.0057, 0.0000,  1.1511, 0.0000)
            ( 0.0000, 1.1666,  0.0000, 0.0000)
            (-1.1666, 0.0000, -0.0058, 0.0000)
            (26.4385, 0.4472, 27.7751, 1.0000)>
MESH
Street_Straight.039
<Matrix 4x4 ( -0.0256, 0.0000, -4.9145, 0.0000)
            ( -0.0000, 1.1666,  0.0000, 0.0000)
            (  1.1666, 0.0000, -0.0061, 0.0000)
            (-24.1976, 0.4472, 21.7055, 1.0000)>
MESH
Street_3Way_2.011
<Matrix 4x4 ( -0.0057, 0.0000,  1.1511, 0.0000)
            (  0.0000, 1.1666,  0.0000, 0.0000)
            ( -1.1666, 0.0000, -0.0058, 0.0000)
            (-24.1503, 0.4472, 27.8076, 1.0000)>
MESH
Street_Straight.028
<Matrix 4x4 ( 0.0576, 0.0000,   4.9142, 0.0000)
            ( 0.0000, 1.1666,  -0.0000, 0.0000)
            (-1.1666, 0.0000,   0.0137, 0.0000)
            (26.2315, 0.4472, -24.5376, 1.0000)>
MESH
Street_Straight.029
<Matrix 4x4 (  0.0576, 0.0000,   4.9142, 0.0000)
            (  0.0000, 1.1666,  -0.0000, 0.0000)
            ( -1.1666, 0.0000,   0.0137, 0.0000)
            (-24.3559, 0.4472, -24.1722, 1.0000)>
MESH
Street_Straight.035
<Matrix 4x4 ( -3.6723, 0.0000,   0.0239, 0.0000)
            (  0.0000, 1.1666,   0.0000, 0.0000)
            ( -0.0076, 0.0000,  -1.1666, 0.0000)
            (-12.3412, 0.4472, -30.3508, 1.0000)>
MESH
Street_Straight.040
<Matrix 4x4 ( -3.6202, 0.0000,   0.0236, 0.0000)
            (  0.0000, 1.1666,   0.0000, 0.0000)
            ( -0.0076, 0.0000,  -1.1666, 0.0000)
            (-19.6497, 0.4472, -30.3031, 1.0000)>
MESH
Street_Straight.041
<Matrix 4x4 (-7.1162, 0.0000,   0.0464, 0.0000)
            ( 0.0000, 1.1666,   0.0000, 0.0000)
            (-0.0076, 0.0000,  -1.1666, 0.0000)
            (17.7405, 0.4472, -30.5147, 1.0000)>
MESH
Street_Straight.042
<Matrix 4x4 (-3.6723, 0.0000,   0.0239, 0.0000)
            ( 0.0000, 1.1666,   0.0000, 0.0000)
            (-0.0076, 0.0000,  -1.1666, 0.0000)
            ( 4.5918, 0.4472, -30.4611, 1.0000)>
MESH
Street_Straight.043
<Matrix 4x4 (-3.6202, 0.0000,   0.0236, 0.0000)
            ( 0.0000, 1.1666,   0.0000, 0.0000)
            (-0.0076, 0.0000,  -1.1666, 0.0000)
            (-2.7347, 0.4472, -30.4134, 1.0000)>
MESH
Street_Straight.044
<Matrix 4x4 ( 0.0263, 0.0000,   4.9053, 0.0000)
            ( 0.0000, 1.1666,  -0.0000, 0.0000)
            (-1.1666, 0.0000,   0.0063, 0.0000)
            ( 9.4715, 0.4472, -24.4777, 1.0000)>
MESH
Street_Straight.045
<Matrix 4x4 ( 0.0263, 0.0000,   4.9053, 0.0000)
            ( 0.0000, 1.1666,  -0.0000, 0.0000)
            (-1.1666, 0.0000,   0.0063, 0.0000)
            (-7.4815, 0.4472, -24.3671, 1.0000)>
MESH
Street_3Way_2.006
<Matrix 4x4 (-0.0018, 0.0000,  -1.1511, 0.0000)
            (-0.0000, 1.1666,   0.0000, 0.0000)
            ( 1.1666, 0.0000,  -0.0018, 0.0000)
            (26.1445, 0.4472, -30.6393, 1.0000)>
MESH
Street_3Way_2.007
<Matrix 4x4 ( -0.0018, 0.0000,  -1.1511, 0.0000)
            ( -0.0000, 1.1666,   0.0000, 0.0000)
            (  1.1666, 0.0000,  -0.0018, 0.0000)
            (-24.4430, 0.4472, -30.2770, 1.0000)>
MESH
Street_3Way_2.012
<Matrix 4x4 (-0.0017, 0.0000,  -1.1024, 0.0000)
            (-0.0000, 1.1666,   0.0000, 0.0000)
            ( 1.1666, 0.0000,  -0.0018, 0.0000)
            ( 9.4331, 0.4472, -30.4978, 1.0000)>
MESH
Street_3Way_2.013
<Matrix 4x4 (-0.0017, 0.0000,  -1.1024, 0.0000)
            (-0.0000, 1.1666,   0.0000, 0.0000)
            ( 1.1666, 0.0000,  -0.0018, 0.0000)
            (-7.5199, 0.4472, -30.3873, 1.0000)>
MESH
Street_Deadend
<Matrix 4x4 ( 1.4400, 0.0000,  0.0000, 0.0000)
            ( 0.0000, 1.2511, -0.0000, 0.0000)
            ( 0.0000, 0.0000,  1.2511, 0.0000)
            (29.0495, 0.4310, 27.7819, 1.0000)>
MESH
Street_Deadend.001
<Matrix 4x4 ( 1.4400, 0.0000,   0.0000, 0.0000)
            ( 0.0000, 1.2511,  -0.0000, 0.0000)
            ( 0.0000, 0.0000,   1.2511, 0.0000)
            (28.7726, 0.4310, -30.6525, 1.0000)>
MESH
Street_Deadend.002
<Matrix 4x4 ( -1.4400, 0.0000,  -0.0013, 0.0000)
            ( -0.0000, 1.2511,   0.0000, 0.0000)
            (  0.0011, 0.0000,  -1.2511, 0.0000)
            (-27.0839, 0.4310, -30.2683, 1.0000)>
MESH
Street_Deadend.003
<Matrix 4x4 ( -1.4400, 0.0000, -0.0013, 0.0000)
            ( -0.0000, 1.2511,  0.0000, 0.0000)
            (  0.0011, 0.0000, -1.2511, 0.0000)
            (-26.7643, 0.4310, 27.8057, 1.0000)>
MESH
Street_Empty.008
<Matrix 4x4 ( -7.1533, 0.0000,  0.0011, 0.0000)
            (  0.0000, 0.5098,  0.0000, 0.0000)
            ( -0.0007, 0.0000, -4.8710, 0.0000)
            (-15.8018, 0.4472, 21.6781, 1.0000)>
MESH
Street_Empty.009
<Matrix 4x4 (-7.1533, 0.0000,  0.0011, 0.0000)
            ( 0.0000, 0.5098,  0.0000, 0.0000)
            (-0.0007, 0.0000, -4.8710, 0.0000)
            ( 1.0813, 0.4472, 21.6781, 1.0000)>
MESH
Street_Empty.010
<Matrix 4x4 (-7.1533, 0.0000,  0.0011, 0.0000)
            ( 0.0000, 0.5098,  0.0000, 0.0000)
            (-0.0007, 0.0000, -4.8710, 0.0000)
            (17.8868, 0.4472, 21.6781, 1.0000)>
MESH
Street_Empty.011
<Matrix 4x4 (-7.1533, 0.0000,   0.0011, 0.0000)
            ( 0.0000, 0.5098,   0.0000, 0.0000)
            (-0.0007, 0.0000,  -4.8710, 0.0000)
            (17.8868, 0.4472, -24.3939, 1.0000)>
MESH
Street_Empty.012
<Matrix 4x4 (-7.1533, 0.0000,   0.0011, 0.0000)
            ( 0.0000, 0.5098,   0.0000, 0.0000)
            (-0.0007, 0.0000,  -4.8710, 0.0000)
            ( 1.0344, 0.4472, -24.2656, 1.0000)>
MESH
Street_Empty.013
<Matrix 4x4 ( -7.1533, 0.0000,   0.0011, 0.0000)
            (  0.0000, 0.5098,   0.0000, 0.0000)
            ( -0.0007, 0.0000,  -4.8710, 0.0000)
            (-15.9627, 0.4472, -24.2656, 1.0000)>
MESH
Building3_Big.006
<Matrix 4x4 (  0.4570, 0.0000,   0.0025, 0.0000)
            (  0.0000, 0.4570,  -0.0000, 0.0000)
            ( -0.0025, 0.0000,   0.4570, 0.0000)
            (-12.7650, 0.6345, -28.8122, 1.0000)>
MESH
Building1_Large.008
<Matrix 4x4 (  0.4570, 0.0000,   0.0025, 0.0000)
            (  0.0000, 0.4570,  -0.0000, 0.0000)
            ( -0.0025, 0.0000,   0.4570, 0.0000)
            (-19.5249, 0.6215, -29.1395, 1.0000)>
MESH
6Story_Stack_Mat.024
<Matrix 4x4 (  0.4570, 0.0000,   0.0025, 0.0000)
            (  0.0000, 0.4570,  -0.0000, 0.0000)
            ( -0.0025, 0.0000,   0.4570, 0.0000)
            (-10.5720, 0.6288, -29.1466, 1.0000)>
MESH
2Story_2_Mat.010
<Matrix 4x4 (  0.5805, 0.0000,   0.0032, 0.0000)
            (  0.0000, 0.4536,  -0.0000, 0.0000)
            ( -0.0032, 0.0000,   0.5762, 0.0000)
            (-14.8641, 0.6226, -29.1647, 1.0000)>
MESH
1Story_Sign_Mat.051
<Matrix 4x4 (  0.4570, 0.0000,   0.0025, 0.0000)
            (  0.0000, 0.4570,  -0.0000, 0.0000)
            ( -0.0025, 0.0000,   0.4570, 0.0000)
            (-16.5931, 0.6298, -29.1882, 1.0000)>
MESH
House1.007
<Matrix 4x4 ( 0.4570, 0.0000,   0.0000, 0.0000)
            ( 0.0000, 0.4570,  -0.0000, 0.0000)
            ( 0.0000, 0.0000,   0.4570, 0.0000)
            (-9.0285, 0.6229, -28.9717, 1.0000)>
MESH
Building3_Small.003
<Matrix 4x4 (  0.2285, 0.0000,  -0.0006, 0.0000)
            ( -0.0000, 0.2285,  -0.0000, 0.0000)
            (  0.0006, 0.0000,   0.2285, 0.0000)
            (-22.3351, 0.6267, -29.1749, 1.0000)>
MESH
House1.008
<Matrix 4x4 (-0.4570, 0.0000,  0.0049, 0.0000)
            ( 0.0000, 0.4570,  0.0000, 0.0000)
            (-0.0049, 0.0000, -0.4570, 0.0000)
            (11.7255, 0.6229, 26.0382, 1.0000)>
MESH
Building3_Small.004
<Matrix 4x4 (-0.2285, 0.0000,  0.0031, 0.0000)
            ( 0.0000, 0.2285,  0.0000, 0.0000)
            (-0.0031, 0.0000, -0.2285, 0.0000)
            (25.0336, 0.6267, 26.0974, 1.0000)>
MESH
Building3_Big.007
<Matrix 4x4 (-0.4570, 0.0000,  0.0024, 0.0000)
            ( 0.0000, 0.4570,  0.0000, 0.0000)
            (-0.0024, 0.0000, -0.4570, 0.0000)
            (15.4601, 0.6345, 25.8383, 1.0000)>
MESH
Building1_Large.009
<Matrix 4x4 (-0.4570, 0.0000,  0.0024, 0.0000)
            ( 0.0000, 0.4570,  0.0000, 0.0000)
            (-0.0024, 0.0000, -0.4570, 0.0000)
            (22.2231, 0.6215, 26.0924, 1.0000)>
MESH
6Story_Stack_Mat.025
<Matrix 4x4 (-0.4570, 0.0000,  0.0024, 0.0000)
            ( 0.0000, 0.4570,  0.0000, 0.0000)
            (-0.0024, 0.0000, -0.4570, 0.0000)
            (13.2708, 0.6288, 26.1964, 1.0000)>
MESH
2Story_2_Mat.011
<Matrix 4x4 (-0.5805, 0.0000,  0.0030, 0.0000)
            ( 0.0000, 0.4536,  0.0000, 0.0000)
            (-0.0030, 0.0000, -0.5762, 0.0000)
            (17.5629, 0.6226, 26.1681, 1.0000)>
MESH
1Story_Sign_Mat.052
<Matrix 4x4 (-0.4570, 0.0000,  0.0024, 0.0000)
            ( 0.0000, 0.4570,  0.0000, 0.0000)
            (-0.0024, 0.0000, -0.4570, 0.0000)
            (19.2921, 0.6298, 26.1729, 1.0000)>
MESH
House1.009
<Matrix 4x4 ( -0.4570, 0.0000, -0.0000, 0.0000)
            ( -0.0000, 0.4570,  0.0000, 0.0000)
            (  0.0000, 0.0000, -0.4570, 0.0000)
            (-14.5648, 0.6229, 26.1634, 1.0000)>
MESH
Building2_Large.004
<Matrix 4x4 (  0.4570, 0.0000,  0.0000, 0.0000)
            (  0.0000, 0.4570, -0.0000, 0.0000)
            (  0.0000, 0.0000,  0.4570, 0.0000)
            (-20.1556, 0.6445, 26.5653, 1.0000)>
MESH
4Story_Wide_2Doors_Roof_Mat.009
<Matrix 4x4 ( -0.4570, 0.0000, -0.0000, 0.0000)
            ( -0.0000, 0.4570,  0.0000, 0.0000)
            (  0.0000, 0.0000, -0.4570, 0.0000)
            (-11.4494, 0.6326, 26.4922, 1.0000)>
MESH
4Story_Mat.019
<Matrix 4x4 ( -0.4570, 0.0000, -0.0000, 0.0000)
            ( -0.0000, 0.4570,  0.0000, 0.0000)
            (  0.0000, 0.0000, -0.4570, 0.0000)
            (-17.0860, 0.6224, 26.4713, 1.0000)>
MESH
Building3_Small.005
<Matrix 4x4 (-0.2285, 0.0000,  0.0047, 0.0000)
            ( 0.0000, 0.2285,  0.0000, 0.0000)
            (-0.0047, 0.0000, -0.2285, 0.0000)
            ( 1.4820, 0.6267, 26.5329, 1.0000)>
MESH
Building1_Large.010
<Matrix 4x4 (-0.4569, 0.0000,  0.0093, 0.0000)
            ( 0.0000, 0.4570,  0.0000, 0.0000)
            (-0.0093, 0.0000, -0.4569, 0.0000)
            (-1.2936, 0.6215, 26.5024, 1.0000)>
MESH
6Story_Stack_Mat.026
<Matrix 4x4 (-0.4569, 0.0000,  0.0093, 0.0000)
            ( 0.0000, 0.4570,  0.0000, 0.0000)
            (-0.0093, 0.0000, -0.4569, 0.0000)
            ( 5.4399, 0.6288, 26.4901, 1.0000)>
MESH
6Story_Stack_Mat.027
<Matrix 4x4 (-0.4569, 0.0000,  0.0093, 0.0000)
            ( 0.0000, 0.4570,  0.0000, 0.0000)
            (-0.0093, 0.0000, -0.4569, 0.0000)
            ( 6.4533, 0.6288, 26.4694, 1.0000)>
MESH
6Story_Stack_Mat.028
<Matrix 4x4 (-0.4569, 0.0000,  0.0093, 0.0000)
            ( 0.0000, 0.4570,  0.0000, 0.0000)
            (-0.0093, 0.0000, -0.4569, 0.0000)
            ( 7.4802, 0.6288, 26.4484, 1.0000)>
MESH
4Story_Mat.020
<Matrix 4x4 (-0.4569, 0.0000,  0.0093, 0.0000)
            ( 0.0000, 0.4570,  0.0000, 0.0000)
            (-0.0093, 0.0000, -0.4569, 0.0000)
            (-4.6976, 0.6224, 26.6972, 1.0000)>
MESH
3Story_Balcony_Mat.012
<Matrix 4x4 (-0.4569, 0.0000,  0.0093, 0.0000)
            ( 0.0000, 0.4570,  0.0000, 0.0000)
            (-0.0093, 0.0000, -0.4569, 0.0000)
            ( 4.0254, 0.6171, 26.5190, 1.0000)>
MESH
3Story_Balcony_Mat.013
<Matrix 4x4 (-0.4569, 0.0000,  0.0093, 0.0000)
            ( 0.0000, 0.4570,  0.0000, 0.0000)
            (-0.0093, 0.0000, -0.4569, 0.0000)
            ( 2.9788, 0.6171, 26.5404, 1.0000)>
MESH
House2.003
<Matrix 4x4 ( 0.4570, 0.0000,   0.0000, 0.0000)
            ( 0.0000, 0.4570,  -0.0000, 0.0000)
            ( 0.0000, 0.0000,   0.4570, 0.0000)
            (21.6534, 0.7334, -29.0032, 1.0000)>
MESH
House1.010
<Matrix 4x4 ( 0.4570, 0.0000,   0.0000, 0.0000)
            ( 0.0000, 0.4570,  -0.0000, 0.0000)
            ( 0.0000, 0.0000,   0.4570, 0.0000)
            (18.5558, 0.6229, -28.9207, 1.0000)>
MESH
House1.011
<Matrix 4x4 ( 0.4570, 0.0000,   0.0000, 0.0000)
            ( 0.0000, 0.4570,  -0.0000, 0.0000)
            ( 0.0000, 0.0000,   0.4570, 0.0000)
            (19.8883, 0.6229, -28.9207, 1.0000)>
MESH
Building4.003
<Matrix 4x4 ( 0.4570, 0.0000,   0.0000, 0.0000)
            ( 0.0000, 0.4570,  -0.0000, 0.0000)
            ( 0.0000, 0.0000,   0.4570, 0.0000)
            (16.4963, 0.6441, -29.1361, 1.0000)>
MESH
6Story_Stack_Mat.029
<Matrix 4x4 ( 0.4570, 0.0000,   0.0000, 0.0000)
            ( 0.0000, 0.4570,  -0.0000, 0.0000)
            (-0.0000, 0.0000,   0.4570, 0.0000)
            (23.2666, 0.6288, -29.1552, 1.0000)>
MESH
4Story_Wide_2Doors_Roof_Mat.010
<Matrix 4x4 ( 0.4570, 0.0000,   0.0000, 0.0000)
            ( 0.0000, 0.4570,  -0.0000, 0.0000)
            ( 0.0000, 0.0000,   0.4570, 0.0000)
            (13.3336, 0.6326, -29.2940, 1.0000)>
MESH
Building3_Small.006
<Matrix 4x4 ( 0.2285, 0.0000,  -0.0006, 0.0000)
            (-0.0000, 0.2285,  -0.0000, 0.0000)
            ( 0.0006, 0.0000,   0.2285, 0.0000)
            ( 1.1057, 0.6267, -29.1722, 1.0000)>
MESH
Building1_Large.011
<Matrix 4x4 ( 0.4570, 0.0000,  -0.0012, 0.0000)
            (-0.0000, 0.4570,  -0.0000, 0.0000)
            ( 0.0012, 0.0000,   0.4570, 0.0000)
            ( 3.8802, 0.6215, -29.0922, 1.0000)>
MESH
6Story_Stack_Mat.030
<Matrix 4x4 ( 0.4570, 0.0000,  -0.0012, 0.0000)
            (-0.0000, 0.4570,  -0.0000, 0.0000)
            ( 0.0012, 0.0000,   0.4570, 0.0000)
            (-4.8931, 0.6288, -29.1946, 1.0000)>
MESH
6Story_Stack_Mat.031
<Matrix 4x4 ( 0.4570, 0.0000,  -0.0012, 0.0000)
            (-0.0000, 0.4570,  -0.0000, 0.0000)
            ( 0.0012, 0.0000,   0.4570, 0.0000)
            (-3.8660, 0.6288, -29.1972, 1.0000)>
MESH
6Story_Stack_Mat.032
<Matrix 4x4 ( 0.4570, 0.0000,  -0.0012, 0.0000)
            (-0.0000, 0.4570,  -0.0000, 0.0000)
            ( 0.0012, 0.0000,   0.4570, 0.0000)
            (-2.8524, 0.6288, -29.1999, 1.0000)>
MESH
4Story_Mat.021
<Matrix 4x4 ( 0.4570, 0.0000,  -0.0012, 0.0000)
            (-0.0000, 0.4570,  -0.0000, 0.0000)
            ( 0.0012, 0.0000,   0.4570, 0.0000)
            ( 7.2871, 0.6224, -29.2264, 1.0000)>
MESH
3Story_Balcony_Mat.014
<Matrix 4x4 ( 0.4570, 0.0000,  -0.0012, 0.0000)
            (-0.0000, 0.4570,  -0.0000, 0.0000)
            ( 0.0012, 0.0000,   0.4570, 0.0000)
            (-0.3907, 0.6171, -29.2063, 1.0000)>
MESH
3Story_Balcony_Mat.015
<Matrix 4x4 ( 0.4570, 0.0000,  -0.0012, 0.0000)
            (-0.0000, 0.4570,  -0.0000, 0.0000)
            ( 0.0012, 0.0000,   0.4570, 0.0000)
            (-1.4376, 0.6171, -29.2036, 1.0000)>
